#chan	code	gain	offset	innse	comment
   0	1100	0.0	0.0	   0	low gain
   1	4100	1.0	1.0	22678	low gain
   2	4100	0.9	0.9	25441	low gain
   3	1000	80.3	80.3	 381	unbonded
   4	4100	1.1	1.1	21367	low gain
   5	4100	0.4	0.4	66938	low gain
   6	4104	0.9	0.9	22684	low gain
   7	4100	0.8	0.8	30199	low gain
   8	4100	1.0	1.0	22315	low gain
   9	4100	1.1	1.1	22751	low gain
  10	4100	0.8	0.8	26721	low gain
  11	1000	77.5	77.5	 374	unbonded
  12	4100	1.8	1.8	13014	low gain
  13	4100	1.0	1.0	22456	low gain
  14	4100	1.3	1.3	18521	low gain
  15	4100	1.2	1.2	19337	low gain
  16	4100	1.2	1.2	18603	low gain
  17	4100	1.0	1.0	25312	low gain
  18	4100	1.2	1.2	19033	low gain
  19	1000	77.1	77.1	 400	unbonded
  20	4100	1.5	1.5	14173	low gain
  21	4100	0.9	0.9	24346	low gain
  22	4100	0.8	0.8	29074	low gain
  23	4100	1.2	1.2	19100	low gain
  24	4100	1.1	1.1	21926	low gain
  25	4100	1.0	1.0	23280	low gain
  26	4100	1.1	1.1	21680	low gain
  27	1000	77.1	77.1	 385	unbonded
  28	4100	1.1	1.1	18370	low gain
  29	4100	1.1	1.1	20510	low gain
  30	4100	1.1	1.1	21000	low gain
  31	4100	0.8	0.8	28303	low gain
  32	4100	1.4	1.4	18327	low gain
  33	4100	1.0	1.0	26621	low gain
  34	4100	1.2	1.2	19764	low gain
  35	1000	77.7	77.7	 402	unbonded
  36	4100	1.1	1.1	21280	low gain
  37	4100	1.0	1.0	23179	low gain
  38	4100	0.7	0.7	31427	low gain
  39	4100	0.7	0.7	33014	low gain
  40	4100	1.6	1.6	14720	low gain
  41	4100	1.0	1.0	23204	low gain
  42	4100	1.3	1.3	16814	low gain
  43	1000	77.2	77.2	 415	unbonded
  44	4100	0.8	0.8	27859	low gain
  45	4100	1.1	1.1	21960	low gain
  46	4100	0.9	0.9	23869	low gain
  47	4100	1.1	1.1	21729	low gain
  48	4100	0.8	0.8	26906	low gain
  49	4100	0.5	0.5	43812	low gain
  50	4100	1.1	1.1	21300	low gain
  51	1000	78.0	78.0	 395	unbonded
  52	4100	1.0	1.0	19309	low gain
  53	4100	1.1	1.1	18851	low gain
  54	4100	1.1	1.1	17770	low gain
  55	4100	1.1	1.1	22466	low gain
  56	4100	0.5	0.5	52260	low gain
  57	4100	1.2	1.2	20822	low gain
  58	4100	1.4	1.4	15490	low gain
  59	1000	79.9	79.9	 405	unbonded
  60	4100	1.2	1.2	18800	low gain
  61	4100	1.1	1.1	22556	low gain
  62	4100	1.0	1.0	23919	low gain
  63	4100	0.9	0.9	27495	low gain
  64	4100	1.2	1.2	20946	low gain
  65	4100	1.3	1.3	18974	low gain
  66	4100	1.1	1.1	21344	low gain
  67	1000	75.5	75.5	 384	unbonded
  68	4100	1.3	1.3	18104	low gain
  69	4100	1.1	1.1	21731	low gain
  70	4100	1.1	1.1	22214	low gain
  71	4100	0.9	0.9	27251	low gain
  72	4100	0.8	0.8	28004	low gain
  73	4104	0.9	0.9	24987	low gain
  74	4100	0.7	0.7	30178	low gain
  75	1000	78.9	78.9	 401	unbonded
  76	4100	1.2	1.2	17512	low gain
  77	4100	0.8	0.8	28108	low gain
  78	4100	1.0	1.0	25032	low gain
  79	4100	0.8	0.8	31936	low gain
  80	4100	1.2	1.2	20002	low gain
  81	4100	1.5	1.5	16661	low gain
  82	4100	0.8	0.8	30583	low gain
  83	1000	79.0	79.0	 377	unbonded
  84	4100	1.0	1.0	23350	low gain
  85	4100	1.0	1.0	23986	low gain
  86	4100	1.1	1.1	22422	low gain
  87	4100	1.0	1.0	23947	low gain
  88	4100	1.0	1.0	21922	low gain
  89	4100	1.1	1.1	22985	low gain
  90	4100	1.1	1.1	23968	low gain
  91	1000	78.2	78.2	 389	unbonded
  92	4100	1.3	1.3	17848	low gain
  93	4100	1.2	1.2	19741	low gain
  94	4100	1.1	1.1	22051	low gain
  95	4100	0.9	0.9	25591	low gain
  96	4100	1.3	1.3	19517	low gain
  97	4100	1.4	1.4	17843	low gain
  98	4100	0.6	0.6	36718	low gain
  99	1000	79.3	79.3	 367	unbonded
 100	4100	1.2	1.2	20463	low gain
 101	4100	1.0	1.0	25344	low gain
 102	4100	1.1	1.1	20984	low gain
 103	4100	1.4	1.4	16573	low gain
 104	4100	1.1	1.1	22987	low gain
 105	4100	1.0	1.0	22676	low gain
 106	4100	0.9	0.9	26629	low gain
 107	1000	77.5	77.5	 384	unbonded
 108	4100	1.2	1.2	18789	low gain
 109	4100	1.1	1.1	22362	low gain
 110	4100	1.1	1.1	20516	low gain
 111	4100	0.9	0.9	25712	low gain
 112	4100	1.0	1.0	22687	low gain
 113	4100	1.2	1.2	20772	low gain
 114	4100	1.1	1.1	21853	low gain
 115	1000	76.0	76.0	 386	unbonded
 116	4100	1.0	1.0	23113	low gain
 117	4100	1.5	1.5	15536	low gain
 118	4100	1.0	1.0	24922	low gain
 119	4100	0.9	0.9	28193	low gain
 120	4100	1.1	1.1	23810	low gain
 121	4100	0.9	0.9	28131	low gain
 122	4100	0.8	0.8	29145	low gain
 123	4000	77.2	77.2	 685	high noise
 124	4100	1.4	1.4	14582	low gain
 125	4100	0.9	0.9	24083	low gain
 126	4100	0.9	0.9	27594	low gain
 127	4100	1.1	1.1	23996	low gain
 128	1000	0.0	0.0	   0	unbonded
 129	4000	1.2	1.2	19451	high noise
 130	4000	0.7	0.7	34626	high noise
 131	4000	1.6	1.6	14869	high noise
 132	4000	1.3	1.3	18209	high noise
 133	4000	1.1	1.1	19111	high noise
 134	4000	0.9	0.9	25712	high noise
 135	4000	0.9	0.9	25266	high noise
 136	4000	0.7	0.7	36408	high noise
 137	4000	0.9	0.9	28192	high noise
 138	4000	1.1	1.1	20494	high noise
 139	4000	1.1	1.1	21108	high noise
 140	4000	0.7	0.7	34574	high noise
 141	4000	1.3	1.3	18666	high noise
 142	4000	1.2	1.2	20682	high noise
 143	4000	1.1	1.1	19606	high noise
 144	4000	1.1	1.1	22426	high noise
 145	4000	1.2	1.2	19747	high noise
 146	4000	0.8	0.8	27987	high noise
 147	4000	1.1	1.1	23405	high noise
 148	4000	1.1	1.1	22458	high noise
 149	4000	1.2	1.2	19364	high noise
 150	4000	1.3	1.3	17180	high noise
 151	4000	0.8	0.8	28422	high noise
 152	4000	1.2	1.2	19371	high noise
 153	4000	1.0	1.0	24136	high noise
 154	4000	1.2	1.2	19611	high noise
 155	4000	1.1	1.1	21772	high noise
 156	4000	0.9	0.9	24491	high noise
 157	4000	1.2	1.2	19401	high noise
 158	4000	1.0	1.0	22559	high noise
 159	4000	0.9	0.9	24421	high noise
 160	4000	0.8	0.8	32163	high noise
 161	4000	1.0	1.0	22133	high noise
 162	4000	0.9	0.9	25407	high noise
 163	4000	0.9	0.9	26680	high noise
 164	4000	1.5	1.5	15717	high noise
 165	4000	0.7	0.7	30477	high noise
 166	4000	1.1	1.1	21323	high noise
 167	4000	0.7	0.7	35599	high noise
 168	4000	1.1	1.1	22760	high noise
 169	4000	1.1	1.1	20614	high noise
 170	4000	0.6	0.6	37053	high noise
 171	4000	0.9	0.9	24861	high noise
 172	4000	1.1	1.1	22471	high noise
 173	4000	1.3	1.3	19907	high noise
 174	4000	0.8	0.8	27743	high noise
 175	4000	1.3	1.3	16853	high noise
 176	4000	1.1	1.1	21453	high noise
 177	4000	1.0	1.0	21984	high noise
 178	4000	1.1	1.1	20940	high noise
 179	4000	1.3	1.3	18669	high noise
 180	4000	1.3	1.3	17725	high noise
 181	4000	0.9	0.9	26074	high noise
 182	4000	1.3	1.3	19203	high noise
 183	4000	0.9	0.9	28301	high noise
 184	4000	1.0	1.0	24657	high noise
 185	4000	1.1	1.1	20354	high noise
 186	4000	0.8	0.8	28767	high noise
 187	4000	0.7	0.7	37679	high noise
 188	4000	1.4	1.4	16279	high noise
 189	4000	1.1	1.1	21343	high noise
 190	4000	0.8	0.8	29683	high noise
 191	4000	1.1	1.1	22605	high noise
 192	4000	1.7	1.7	14431	high noise
 193	4000	0.9	0.9	27278	high noise
 194	4000	1.0	1.0	23320	high noise
 195	4000	1.3	1.3	17111	high noise
 196	4000	0.8	0.8	27164	high noise
 197	4000	1.3	1.3	17645	high noise
 198	4000	0.9	0.9	29156	high noise
 199	4000	0.8	0.8	27952	high noise
 200	4000	0.9	0.9	23773	high noise
 201	4000	1.0	1.0	22984	high noise
 202	4000	0.8	0.8	26607	high noise
 203	4000	1.2	1.2	19738	high noise
 204	4000	1.3	1.3	19096	high noise
 205	4000	0.8	0.8	29581	high noise
 206	4000	0.9	0.9	26198	high noise
 207	4000	1.2	1.2	19450	high noise
 208	4000	1.1	1.1	21447	high noise
 209	4000	1.0	1.0	24807	high noise
 210	4000	0.9	0.9	29073	high noise
 211	4000	0.8	0.8	31207	high noise
 212	4000	1.5	1.5	15393	high noise
 213	4000	1.3	1.3	17326	high noise
 214	4000	1.0	1.0	23382	high noise
 215	4000	1.0	1.0	24901	high noise
 216	4000	1.0	1.0	24193	high noise
 217	4000	1.2	1.2	20736	high noise
 218	4000	1.0	1.0	21794	high noise
 219	4000	1.3	1.3	16563	high noise
 220	4000	1.3	1.3	18936	high noise
 221	4000	0.9	0.9	27047	high noise
 222	4000	1.3	1.3	18670	high noise
 223	4000	1.3	1.3	18767	high noise
 224	4000	1.1	1.1	19467	high noise
 225	4000	0.9	0.9	27582	high noise
 226	4000	1.5	1.5	15122	high noise
 227	4000	1.0	1.0	20045	high noise
 228	4000	0.8	0.8	24476	high noise
 229	4000	1.1	1.1	21125	high noise
 230	4000	0.9	0.9	24092	high noise
 231	4000	1.5	1.5	15166	high noise
 232	4000	1.2	1.2	18953	high noise
 233	4000	0.9	0.9	27762	high noise
 234	4000	0.8	0.8	26475	high noise
 235	4000	1.3	1.3	18417	high noise
 236	4000	0.9	0.9	24696	high noise
 237	4000	1.1	1.1	20970	high noise
 238	4000	1.3	1.3	16441	high noise
 239	4000	1.4	1.4	16078	high noise
 240	4000	1.0	1.0	23178	high noise
 241	4000	1.0	1.0	22785	high noise
 242	4000	1.1	1.1	22079	high noise
 243	4000	0.9	0.9	24582	high noise
 244	4000	0.9	0.9	25171	high noise
 245	4000	0.9	0.9	28201	high noise
 246	4000	1.1	1.1	21684	high noise
 247	4000	1.0	1.0	24325	high noise
 248	4000	1.0	1.0	23634	high noise
 249	4000	0.6	0.6	39292	high noise
 250	4000	1.2	1.2	20075	high noise
 251	4000	1.0	1.0	21968	high noise
 252	4000	1.4	1.4	17242	high noise
 253	4000	1.0	1.0	23041	high noise
 254	4000	1.2	1.2	19889	high noise
 255	4000	1.2	1.2	20021	high noise
