#chan	code	gain	offset	innse	comment
   0	1100	0.0	0.0	   0	low gain
   1	4100	0.8	0.8	29718	low gain
   2	4100	1.0	1.0	23373	low gain
   3	4100	0.5	0.5	49207	low gain
   4	4100	1.1	1.1	21506	low gain
   5	4000	64.7	64.7	 608	high noise
   6	4104	1.2	1.2	16501	low gain
   7	4100	0.8	0.8	29655	low gain
   8	4100	0.9	0.9	24801	low gain
   9	4100	0.7	0.7	32240	low gain
  10	4100	1.3	1.3	20316	low gain
  11	4100	0.9	0.9	26670	low gain
  12	4100	0.8	0.8	27450	low gain
  13	1000	58.8	58.8	 523	unbonded
  14	4100	1.2	1.2	19206	low gain
  15	4100	0.6	0.6	35179	low gain
  16	4100	0.8	0.8	29438	low gain
  17	4100	0.9	0.9	25211	low gain
  18	4100	0.5	0.5	46518	low gain
  19	4100	1.1	1.1	22602	low gain
  20	4100	0.6	0.6	33298	low gain
  21	1000	58.8	58.8	 498	unbonded
  22	4100	1.4	1.4	16551	low gain
  23	4100	0.6	0.6	41030	low gain
  24	4100	0.8	0.8	31145	low gain
  25	4100	0.7	0.7	33248	low gain
  26	4100	1.4	1.4	16722	low gain
  27	4100	0.8	0.8	27558	low gain
  28	4100	0.5	0.5	43078	low gain
  29	1000	59.2	59.2	 499	unbonded
  30	4100	1.0	1.0	24857	low gain
  31	4100	0.9	0.9	24438	low gain
  32	4100	1.1	1.1	23920	low gain
  33	4100	0.6	0.6	40385	low gain
  34	4100	0.5	0.5	52963	low gain
  35	4100	1.0	1.0	24402	low gain
  36	4100	0.6	0.6	35470	low gain
  37	1000	58.1	58.1	 507	unbonded
  38	4100	0.6	0.6	35900	low gain
  39	4100	0.6	0.6	37076	low gain
  40	4100	1.1	1.1	20822	low gain
  41	4100	1.2	1.2	21579	low gain
  42	4100	0.7	0.7	30486	low gain
  43	4100	0.7	0.7	32724	low gain
  44	4100	1.1	1.1	19890	low gain
  45	1000	60.2	60.2	 493	unbonded
  46	4100	0.9	0.9	23842	low gain
  47	4100	0.8	0.8	29593	low gain
  48	4100	0.4	0.4	50117	low gain
  49	4100	0.9	0.9	24996	low gain
  50	4100	1.2	1.2	18459	low gain
  51	4100	1.4	1.4	17512	low gain
  52	4100	1.1	1.1	20183	low gain
  53	1000	59.2	59.2	 491	unbonded
  54	4100	1.1	1.1	20155	low gain
  55	4100	1.1	1.1	21092	low gain
  56	4100	1.3	1.3	19078	low gain
  57	4100	1.1	1.1	23056	low gain
  58	4100	0.5	0.5	43888	low gain
  59	4100	1.0	1.0	24127	low gain
  60	4100	0.7	0.7	34277	low gain
  61	1000	59.0	59.0	 490	unbonded
  62	4100	0.8	0.8	29786	low gain
  63	4100	0.6	0.6	40672	low gain
  64	4100	1.0	1.0	27139	low gain
  65	4100	0.7	0.7	34819	low gain
  66	4100	0.6	0.6	39090	low gain
  67	4100	0.7	0.7	31494	low gain
  68	4100	0.8	0.8	28941	low gain
  69	1000	60.2	60.2	 462	unbonded
  70	4100	1.1	1.1	22624	low gain
  71	4100	1.1	1.1	20832	low gain
  72	4100	0.6	0.6	40974	low gain
  73	4104	1.0	1.0	21617	low gain
  74	4100	0.8	0.8	30048	low gain
  75	4100	0.5	0.5	54000	low gain
  76	4100	1.0	1.0	21596	low gain
  77	1000	60.0	60.0	 499	unbonded
  78	4100	1.2	1.2	22339	low gain
  79	4100	1.0	1.0	23905	low gain
  80	4100	0.5	0.5	42209	low gain
  81	4100	1.2	1.2	20009	low gain
  82	4100	0.9	0.9	23733	low gain
  83	4100	0.7	0.7	33198	low gain
  84	4100	0.9	0.9	27345	low gain
  85	1000	59.5	59.5	 500	unbonded
  86	4100	0.9	0.9	24731	low gain
  87	4100	1.0	1.0	21837	low gain
  88	4100	1.5	1.5	15485	low gain
  89	4100	1.1	1.1	20710	low gain
  90	4100	0.6	0.6	37910	low gain
  91	4100	0.8	0.8	29754	low gain
  92	4100	1.0	1.0	24145	low gain
  93	1000	60.9	60.9	 526	unbonded
  94	4100	1.0	1.0	22815	low gain
  95	4100	0.7	0.7	34481	low gain
  96	4100	0.6	0.6	42454	low gain
  97	4100	0.8	0.8	30722	low gain
  98	4100	0.9	0.9	25225	low gain
  99	4100	1.0	1.0	23860	low gain
 100	4100	1.1	1.1	21312	low gain
 101	1000	61.1	61.1	 511	unbonded
 102	4100	1.5	1.5	15600	low gain
 103	4100	0.7	0.7	33957	low gain
 104	4100	0.6	0.6	37283	low gain
 105	4100	0.5	0.5	47492	low gain
 106	4100	0.6	0.6	35359	low gain
 107	4100	1.1	1.1	22111	low gain
 108	4100	0.9	0.9	27718	low gain
 109	1000	59.2	59.2	 464	unbonded
 110	4100	0.8	0.8	26266	low gain
 111	4100	0.8	0.8	29643	low gain
 112	4100	1.2	1.2	18134	low gain
 113	4100	0.5	0.5	49776	low gain
 114	4100	0.7	0.7	31685	low gain
 115	4100	1.0	1.0	21457	low gain
 116	4100	1.2	1.2	17834	low gain
 117	1000	60.4	60.4	 482	unbonded
 118	4100	0.9	0.9	26437	low gain
 119	4100	0.7	0.7	32345	low gain
 120	4100	1.2	1.2	20944	low gain
 121	4100	0.8	0.8	29731	low gain
 122	4100	0.9	0.9	27285	low gain
 123	4100	0.9	0.9	36556	low gain
 124	4100	0.6	0.6	36400	low gain
 125	1000	61.8	61.8	 485	unbonded
 126	4100	1.2	1.2	20963	low gain
 127	4100	0.8	0.8	29683	low gain
 128	1000	0.0	0.0	   0	unbonded
 129	4000	0.6	0.6	35759	high noise
 130	4000	1.0	1.0	22810	high noise
 131	4000	0.7	0.7	33309	high noise
 132	4000	0.7	0.7	33781	high noise
 133	4000	1.0	1.0	21180	high noise
 134	4000	0.7	0.7	29678	high noise
 135	4000	0.6	0.6	37346	high noise
 136	4000	0.4	0.4	56105	high noise
 137	4000	0.6	0.6	41248	high noise
 138	4000	0.7	0.7	33944	high noise
 139	4000	0.3	0.3	66284	high noise
 140	4000	0.9	0.9	26941	high noise
 141	4000	0.9	0.9	27445	high noise
 142	4000	1.1	1.1	21298	high noise
 143	4000	0.6	0.6	35602	high noise
 144	4000	1.0	1.0	22329	high noise
 145	4000	0.5	0.5	45904	high noise
 146	4000	1.1	1.1	22014	high noise
 147	4000	0.7	0.7	33876	high noise
 148	4000	0.7	0.7	35225	high noise
 149	4000	1.0	1.0	22977	high noise
 150	4000	0.7	0.7	34001	high noise
 151	4000	1.2	1.2	18764	high noise
 152	4000	0.7	0.7	32867	high noise
 153	4000	1.0	1.0	24231	high noise
 154	4000	0.4	0.4	55112	high noise
 155	4000	0.8	0.8	29055	high noise
 156	4000	0.7	0.7	33554	high noise
 157	4000	0.6	0.6	40393	high noise
 158	4000	0.6	0.6	36858	high noise
 159	4000	0.7	0.7	32282	high noise
 160	4000	1.1	1.1	20686	high noise
 161	4000	0.6	0.6	32883	high noise
 162	4000	0.8	0.8	31683	high noise
 163	4000	0.5	0.5	46092	high noise
 164	4000	0.8	0.8	29286	high noise
 165	4000	0.3	0.3	80977	high noise
 166	4000	1.0	1.0	22782	high noise
 167	4000	0.8	0.8	33027	high noise
 168	4000	0.7	0.7	32949	high noise
 169	4000	1.2	1.2	18856	high noise
 170	4000	0.8	0.8	28415	high noise
 171	4000	1.3	1.3	15582	high noise
 172	4000	1.2	1.2	18794	high noise
 173	4000	0.8	0.8	32795	high noise
 174	4004	0.9	0.9	24463	high noise
 175	4000	0.7	0.7	33884	high noise
 176	4000	1.2	1.2	20478	high noise
 177	4000	0.7	0.7	30883	high noise
 178	4000	1.0	1.0	23404	high noise
 179	4000	0.4	0.4	66801	high noise
 180	4000	0.9	0.9	24956	high noise
 181	4000	0.6	0.6	36044	high noise
 182	4000	1.1	1.1	23851	high noise
 183	4000	0.6	0.6	34552	high noise
 184	4000	0.9	0.9	26953	high noise
 185	4000	0.9	0.9	24690	high noise
 186	4000	0.5	0.5	47014	high noise
 187	4000	0.7	0.7	36910	high noise
 188	4000	0.8	0.8	30292	high noise
 189	4000	0.8	0.8	30548	high noise
 190	4000	0.8	0.8	28923	high noise
 191	4000	0.7	0.7	37494	high noise
 192	4000	1.1	1.1	22680	high noise
 193	4000	1.1	1.1	21523	high noise
 194	4000	0.5	0.5	41772	high noise
 195	4000	0.6	0.6	37729	high noise
 196	4000	0.9	0.9	25285	high noise
 197	4000	0.7	0.7	32703	high noise
 198	4000	0.9	0.9	24351	high noise
 199	4000	0.9	0.9	26692	high noise
 200	4000	1.1	1.1	19457	high noise
 201	4000	1.0	1.0	23884	high noise
 202	4000	1.2	1.2	19020	high noise
 203	4000	0.9	0.9	27653	high noise
 204	4000	1.2	1.2	20660	high noise
 205	4000	1.2	1.2	19994	high noise
 206	4000	0.8	0.8	28318	high noise
 207	4000	0.7	0.7	32075	high noise
 208	4000	1.0	1.0	23339	high noise
 209	4000	0.9	0.9	26134	high noise
 210	4000	0.5	0.5	40453	high noise
 211	4000	0.4	0.4	57449	high noise
 212	4000	0.7	0.7	36844	high noise
 213	4000	1.2	1.2	22086	high noise
 214	4000	0.6	0.6	37500	high noise
 215	4000	1.3	1.3	18964	high noise
 216	4000	1.1	1.1	19990	high noise
 217	4000	0.9	0.9	26037	high noise
 218	4000	0.8	0.8	29199	high noise
 219	4000	0.8	0.8	29109	high noise
 220	4000	1.2	1.2	19317	high noise
 221	4000	0.6	0.6	39625	high noise
 222	4000	0.7	0.7	31939	high noise
 223	4000	0.6	0.6	39469	high noise
 224	4000	0.9	0.9	27965	high noise
 225	4000	1.1	1.1	20944	high noise
 226	4000	1.0	1.0	21625	high noise
 227	4000	0.6	0.6	40400	high noise
 228	4000	0.5	0.5	43247	high noise
 229	4000	0.7	0.7	31938	high noise
 230	4000	0.9	0.9	25376	high noise
 231	4000	1.0	1.0	24065	high noise
 232	4000	0.7	0.7	33697	high noise
 233	4000	1.2	1.2	19823	high noise
 234	4000	0.8	0.8	29403	high noise
 235	4000	1.0	1.0	23458	high noise
 236	4000	0.8	0.8	29799	high noise
 237	4000	1.0	1.0	22102	high noise
 238	4000	1.0	1.0	23512	high noise
 239	4000	0.8	0.8	27158	high noise
 240	4000	0.9	0.9	24075	high noise
 241	4000	0.9	0.9	27445	high noise
 242	4000	0.7	0.7	33226	high noise
 243	4000	0.3	0.3	74694	high noise
 244	4000	1.0	1.0	24942	high noise
 245	4000	0.6	0.6	34902	high noise
 246	4000	0.7	0.7	32734	high noise
 247	4000	1.1	1.1	23055	high noise
 248	4000	1.2	1.2	19580	high noise
 249	4000	0.5	0.5	49631	high noise
 250	4000	0.3	0.3	73742	high noise
 251	4000	1.0	1.0	24455	high noise
 252	4000	0.9	0.9	26895	high noise
 253	4000	0.7	0.7	32386	high noise
 254	4000	0.9	0.9	26633	high noise
 255	4000	1.2	1.2	21758	high noise
