#chan	code	gain	offset	innse	comment
   0	1100	0.0	0.0	   0	low gain
   1	4100	1.4	1.4	16529	low gain
   2	4100	1.6	1.6	13855	low gain
   3	4100	1.3	1.3	18133	low gain
   4	4100	1.3	1.3	17089	low gain
   5	4000	73.9	73.9	 594	high noise
   6	4104	1.2	1.2	18290	low gain
   7	4100	1.6	1.6	14429	low gain
   8	4100	1.5	1.5	15387	low gain
   9	4100	1.1	1.1	20628	low gain
  10	4100	1.3	1.3	18619	low gain
  11	4100	1.3	1.3	16657	low gain
  12	4100	1.2	1.2	19925	low gain
  13	1000	73.9	73.9	 402	unbonded
  14	4100	1.9	1.9	12891	low gain
  15	4100	0.9	0.9	27444	low gain
  16	4100	1.4	1.4	16733	low gain
  17	4100	1.9	1.9	13057	low gain
  18	4100	1.4	1.4	16102	low gain
  19	4100	0.9	0.9	23819	low gain
  20	4100	1.5	1.5	14190	low gain
  21	1000	74.7	74.7	 415	unbonded
  22	4100	1.9	1.9	12330	low gain
  23	4100	1.1	1.1	21917	low gain
  24	4100	1.5	1.5	15823	low gain
  25	4100	1.1	1.1	22030	low gain
  26	4100	1.2	1.2	21736	low gain
  27	4100	1.6	1.6	14163	low gain
  28	4100	1.7	1.7	13445	low gain
  29	1000	73.3	73.3	 425	unbonded
  30	4100	1.3	1.3	18508	low gain
  31	4100	1.0	1.0	25584	low gain
  32	4100	1.7	1.7	14313	low gain
  33	4100	1.2	1.2	20354	low gain
  34	4100	1.2	1.2	18304	low gain
  35	4100	1.1	1.1	21454	low gain
  36	4100	0.9	0.9	24975	low gain
  37	1000	73.9	73.9	 417	unbonded
  38	4100	1.2	1.2	19647	low gain
  39	4100	1.3	1.3	17790	low gain
  40	4100	1.0	1.0	22113	low gain
  41	4100	1.4	1.4	16678	low gain
  42	4100	0.9	0.9	24091	low gain
  43	4100	0.9	0.9	24113	low gain
  44	4100	0.9	0.9	27329	low gain
  45	1000	74.8	74.8	 440	unbonded
  46	4100	1.7	1.7	13443	low gain
  47	4100	1.3	1.3	17209	low gain
  48	4100	1.2	1.2	18406	low gain
  49	4100	1.0	1.0	22840	low gain
  50	4100	1.0	1.0	23193	low gain
  51	4100	1.3	1.3	18205	low gain
  52	4100	0.5	0.5	42936	low gain
  53	1000	73.2	73.2	 424	unbonded
  54	4100	1.6	1.6	13788	low gain
  55	4100	1.3	1.3	17375	low gain
  56	4100	1.2	1.2	19899	low gain
  57	4100	1.2	1.2	19775	low gain
  58	4100	1.3	1.3	18535	low gain
  59	4100	1.4	1.4	17437	low gain
  60	4100	1.0	1.0	23830	low gain
  61	1000	74.9	74.9	 409	unbonded
  62	4100	1.3	1.3	18479	low gain
  63	4100	1.5	1.5	16446	low gain
  64	4100	1.3	1.3	19725	low gain
  65	4100	1.1	1.1	22803	low gain
  66	4100	1.3	1.3	19739	low gain
  67	4100	1.1	1.1	20699	low gain
  68	4100	1.9	1.9	12742	low gain
  69	1000	77.3	77.3	 407	unbonded
  70	4100	1.7	1.7	13400	low gain
  71	4100	0.9	0.9	25621	low gain
  72	4100	1.0	1.0	22386	low gain
  73	4104	1.5	1.5	13589	low gain
  74	4100	1.3	1.3	17991	low gain
  75	4100	1.4	1.4	17399	low gain
  76	4100	1.6	1.6	13720	low gain
  77	1000	75.5	75.5	 395	unbonded
  78	4100	1.6	1.6	13584	low gain
  79	4100	1.3	1.3	18859	low gain
  80	4100	1.6	1.6	15773	low gain
  81	4100	1.2	1.2	21434	low gain
  82	4100	1.3	1.3	17337	low gain
  83	4100	1.6	1.6	15195	low gain
  84	4100	0.8	0.8	30238	low gain
  85	1000	75.3	75.3	 415	unbonded
  86	4100	1.2	1.2	19394	low gain
  87	4100	1.0	1.0	23883	low gain
  88	4100	0.9	0.9	27261	low gain
  89	4100	1.0	1.0	24378	low gain
  90	4100	1.5	1.5	14718	low gain
  91	4100	1.2	1.2	21380	low gain
  92	4100	1.2	1.2	18968	low gain
  93	1000	76.8	76.8	 398	unbonded
  94	4100	1.3	1.3	17291	low gain
  95	4100	1.3	1.3	19581	low gain
  96	4100	1.3	1.3	18490	low gain
  97	4100	1.2	1.2	19692	low gain
  98	4100	1.5	1.5	15598	low gain
  99	4100	0.8	0.8	28574	low gain
 100	4100	1.1	1.1	22742	low gain
 101	1000	76.3	76.3	 428	unbonded
 102	4100	1.9	1.9	12047	low gain
 103	4100	1.0	1.0	23859	low gain
 104	4100	1.2	1.2	20561	low gain
 105	4100	1.3	1.3	18529	low gain
 106	4100	1.4	1.4	17646	low gain
 107	4100	1.6	1.6	14568	low gain
 108	4100	1.1	1.1	21766	low gain
 109	1000	74.2	74.2	 409	unbonded
 110	4100	1.5	1.5	14917	low gain
 111	4100	1.2	1.2	20058	low gain
 112	4100	1.2	1.2	19003	low gain
 113	4100	1.6	1.6	16316	low gain
 114	4100	1.3	1.3	18870	low gain
 115	4100	1.0	1.0	22367	low gain
 116	4100	1.4	1.4	16787	low gain
 117	1000	75.7	75.7	 408	unbonded
 118	4100	1.5	1.5	15887	low gain
 119	4100	0.8	0.8	27400	low gain
 120	4100	0.9	0.9	25346	low gain
 121	4100	1.6	1.6	14702	low gain
 122	4100	1.2	1.2	19460	low gain
 123	4100	1.3	1.3	25616	low gain
 124	4100	1.6	1.6	15355	low gain
 125	1000	75.8	75.8	 421	unbonded
 126	4100	1.8	1.8	12841	low gain
 127	4100	1.7	1.7	14477	low gain
 128	1000	0.0	0.0	   0	unbonded
 129	4000	1.1	1.1	21042	high noise
 130	4000	1.6	1.6	14926	high noise
 131	4000	1.2	1.2	18443	high noise
 132	4000	1.0	1.0	22895	high noise
 133	4000	1.5	1.5	14723	high noise
 134	4000	1.2	1.2	20124	high noise
 135	4000	0.8	0.8	28671	high noise
 136	4000	1.4	1.4	17581	high noise
 137	4000	1.0	1.0	22501	high noise
 138	4000	1.4	1.4	17513	high noise
 139	4000	0.9	0.9	23707	high noise
 140	4000	1.2	1.2	20211	high noise
 141	4000	1.4	1.4	16542	high noise
 142	4000	0.8	0.8	27486	high noise
 143	4000	1.3	1.3	16474	high noise
 144	4000	0.9	0.9	25082	high noise
 145	4000	1.4	1.4	16910	high noise
 146	4000	1.2	1.2	19609	high noise
 147	4000	1.3	1.3	18481	high noise
 148	4000	1.1	1.1	22095	high noise
 149	4000	1.8	1.8	12798	high noise
 150	4000	1.4	1.4	17768	high noise
 151	4000	1.2	1.2	19607	high noise
 152	4000	1.7	1.7	13870	high noise
 153	4000	1.3	1.3	17408	high noise
 154	4000	1.0	1.0	21696	high noise
 155	4000	1.0	1.0	24823	high noise
 156	4000	1.2	1.2	18789	high noise
 157	4000	0.9	0.9	26336	high noise
 158	4000	1.5	1.5	14181	high noise
 159	4000	1.4	1.4	16924	high noise
 160	4000	1.0	1.0	25322	high noise
 161	4000	1.5	1.5	15694	high noise
 162	4000	1.5	1.5	15495	high noise
 163	4000	1.1	1.1	19573	high noise
 164	4000	1.8	1.8	13611	high noise
 165	4000	0.8	0.8	28141	high noise
 166	4000	1.4	1.4	16250	high noise
 167	4000	1.3	1.3	16850	high noise
 168	4000	1.2	1.2	19649	high noise
 169	4000	1.5	1.5	14823	high noise
 170	4000	1.5	1.5	15193	high noise
 171	4000	1.5	1.5	15526	high noise
 172	4000	1.6	1.6	14516	high noise
 173	4000	1.2	1.2	19223	high noise
 174	4000	1.4	1.4	16750	high noise
 175	4000	0.9	0.9	24516	high noise
 176	4000	1.8	1.8	12269	high noise
 177	4000	1.1	1.1	19217	high noise
 178	4000	1.2	1.2	20022	high noise
 179	4000	1.2	1.2	20282	high noise
 180	4000	1.4	1.4	17049	high noise
 181	4000	1.2	1.2	19028	high noise
 182	4000	1.5	1.5	16000	high noise
 183	4000	1.4	1.4	16245	high noise
 184	4000	1.4	1.4	18145	high noise
 185	4000	1.0	1.0	22243	high noise
 186	4000	1.3	1.3	17562	high noise
 187	4000	1.0	1.0	25078	high noise
 188	4000	1.5	1.5	15129	high noise
 189	4000	1.3	1.3	18533	high noise
 190	4000	1.4	1.4	15746	high noise
 191	4000	1.3	1.3	17894	high noise
 192	4000	1.7	1.7	14223	high noise
 193	4000	1.1	1.1	21605	high noise
 194	4000	1.2	1.2	18288	high noise
 195	4000	0.7	0.7	28271	high noise
 196	4000	1.6	1.6	14368	high noise
 197	4000	1.2	1.2	18362	high noise
 198	4000	1.8	1.8	13488	high noise
 199	4000	1.1	1.1	22581	high noise
 200	4000	1.4	1.4	16385	high noise
 201	4000	1.4	1.4	15544	high noise
 202	4000	1.6	1.6	13811	high noise
 203	4000	0.8	0.8	29038	high noise
 204	4000	1.0	1.0	25072	high noise
 205	4000	1.6	1.6	13472	high noise
 206	4000	1.5	1.5	15772	high noise
 207	4000	0.9	0.9	24139	high noise
 208	4000	0.8	0.8	28457	high noise
 209	4000	1.4	1.4	15978	high noise
 210	4000	1.3	1.3	18962	high noise
 211	4000	1.1	1.1	22061	high noise
 212	4000	1.1	1.1	23461	high noise
 213	4000	0.7	0.7	36613	high noise
 214	4000	1.3	1.3	19065	high noise
 215	4000	1.3	1.3	17307	high noise
 216	4000	1.5	1.5	14416	high noise
 217	4000	1.6	1.6	15053	high noise
 218	4000	1.3	1.3	18483	high noise
 219	4000	1.4	1.4	17312	high noise
 220	4000	1.1	1.1	20714	high noise
 221	4000	1.8	1.8	12359	high noise
 222	4000	1.3	1.3	16883	high noise
 223	4000	1.6	1.6	16431	high noise
 224	4000	1.0	1.0	25010	high noise
 225	4000	1.5	1.5	16723	high noise
 226	4000	1.4	1.4	16658	high noise
 227	4000	1.1	1.1	19757	high noise
 228	4000	1.3	1.3	17578	high noise
 229	4000	1.5	1.5	15470	high noise
 230	4000	1.5	1.5	14688	high noise
 231	4000	1.8	1.8	12951	high noise
 232	4000	1.0	1.0	21623	high noise
 233	4000	1.1	1.1	21081	high noise
 234	4000	0.8	0.8	30225	high noise
 235	4000	1.0	1.0	24306	high noise
 236	4000	1.3	1.3	17122	high noise
 237	4000	1.2	1.2	18742	high noise
 238	4000	1.0	1.0	21847	high noise
 239	4000	1.2	1.2	19037	high noise
 240	4000	1.5	1.5	15869	high noise
 241	4000	0.9	0.9	26535	high noise
 242	4000	1.3	1.3	17682	high noise
 243	4000	1.0	1.0	21987	high noise
 244	4000	1.1	1.1	19955	high noise
 245	4000	1.4	1.4	17765	high noise
 246	4000	1.4	1.4	17126	high noise
 247	4000	0.8	0.8	29613	high noise
 248	4000	2.0	2.0	11224	high noise
 249	4000	1.4	1.4	17427	high noise
 250	4000	1.4	1.4	16964	high noise
 251	4000	1.6	1.6	14873	high noise
 252	4000	1.3	1.3	17761	high noise
 253	4000	1.5	1.5	15501	high noise
 254	4000	0.9	0.9	26498	high noise
 255	4000	1.1	1.1	21770	high noise
