#chan	code	gain	offset	innse	comment
   0	1100	0.0	0.0	   0	low gain
   1	4100	0.9	0.9	25983	low gain
   2	4100	0.9	0.9	23780	low gain
   3	4100	1.7	1.7	14881	low gain
   4	4100	0.8	0.8	30306	low gain
   5	1000	79.6	79.6	 513	unbonded
   6	4104	1.4	1.4	16418	low gain
   7	4100	0.7	0.7	33643	low gain
   8	4100	1.2	1.2	17837	low gain
   9	4100	1.3	1.3	19789	low gain
  10	4100	0.7	0.7	34857	low gain
  11	4100	0.9	0.9	26745	low gain
  12	4100	1.3	1.3	17573	low gain
  13	1000	76.6	76.6	 388	unbonded
  14	4100	1.1	1.1	21393	low gain
  15	4100	0.9	0.9	24791	low gain
  16	4100	1.4	1.4	16077	low gain
  17	4100	1.0	1.0	24027	low gain
  18	4100	1.0	1.0	24027	low gain
  19	4100	1.2	1.2	18772	low gain
  20	4100	1.0	1.0	21046	low gain
  21	1000	76.5	76.5	 406	unbonded
  22	4100	1.4	1.4	16964	low gain
  23	4100	1.2	1.2	18052	low gain
  24	4100	0.9	0.9	25761	low gain
  25	4100	0.8	0.8	27702	low gain
  26	4100	0.8	0.8	33731	low gain
  27	4100	1.5	1.5	16092	low gain
  28	4100	1.2	1.2	19353	low gain
  29	1000	76.0	76.0	 403	unbonded
  30	4100	1.2	1.2	19463	low gain
  31	4100	0.8	0.8	29265	low gain
  32	4100	0.9	0.9	25975	low gain
  33	4100	1.1	1.1	19383	low gain
  34	4100	1.0	1.0	22015	low gain
  35	4100	0.8	0.8	29954	low gain
  36	4100	0.7	0.7	33352	low gain
  37	1000	76.3	76.3	 395	unbonded
  38	4100	1.1	1.1	19830	low gain
  39	4100	0.5	0.5	48558	low gain
  40	4100	1.4	1.4	15490	low gain
  41	4100	0.9	0.9	26446	low gain
  42	4100	1.2	1.2	18665	low gain
  43	4100	0.5	0.5	45216	low gain
  44	4100	1.4	1.4	15642	low gain
  45	1000	77.3	77.3	 378	unbonded
  46	4100	0.9	0.9	26211	low gain
  47	4100	1.0	1.0	22463	low gain
  48	4100	1.3	1.3	18807	low gain
  49	4100	0.8	0.8	28570	low gain
  50	4100	1.1	1.1	22064	low gain
  51	4100	0.8	0.8	29733	low gain
  52	4100	1.2	1.2	17456	low gain
  53	1000	76.1	76.1	 404	unbonded
  54	4100	1.1	1.1	19616	low gain
  55	4100	1.0	1.0	21988	low gain
  56	4100	0.7	0.7	35552	low gain
  57	4100	1.0	1.0	24435	low gain
  58	4100	1.1	1.1	21179	low gain
  59	4100	0.9	0.9	28668	low gain
  60	4100	1.0	1.0	22181	low gain
  61	1000	76.5	76.5	 382	unbonded
  62	4100	1.2	1.2	20480	low gain
  63	4100	1.3	1.3	19636	low gain
  64	4100	1.0	1.0	25594	low gain
  65	4100	1.2	1.2	21785	low gain
  66	4100	1.3	1.3	19280	low gain
  67	4100	0.9	0.9	24130	low gain
  68	4100	1.2	1.2	20254	low gain
  69	1000	78.9	78.9	 391	unbonded
  70	4100	1.3	1.3	19911	low gain
  71	4100	0.6	0.6	39612	low gain
  72	4100	0.7	0.7	31285	low gain
  73	4104	1.3	1.3	15604	low gain
  74	4100	1.2	1.2	20728	low gain
  75	4100	1.2	1.2	19174	low gain
  76	4100	1.4	1.4	14324	low gain
  77	1000	77.9	77.9	 387	unbonded
  78	4100	1.2	1.2	19742	low gain
  79	4100	1.1	1.1	20538	low gain
  80	4100	0.6	0.6	43331	low gain
  81	4100	0.6	0.6	39480	low gain
  82	4100	1.1	1.1	23944	low gain
  83	4100	0.9	0.9	29079	low gain
  84	4100	0.4	0.4	53193	low gain
  85	1000	77.1	77.1	 361	unbonded
  86	4100	1.4	1.4	17372	low gain
  87	4100	1.5	1.5	14296	low gain
  88	4100	0.8	0.8	27153	low gain
  89	4100	0.9	0.9	25920	low gain
  90	4100	1.0	1.0	26035	low gain
  91	4100	0.6	0.6	39711	low gain
  92	4100	0.6	0.6	44454	low gain
  93	1000	79.0	79.0	 373	unbonded
  94	4100	1.5	1.5	14016	low gain
  95	4100	0.6	0.6	39220	low gain
  96	4100	1.0	1.0	24123	low gain
  97	4100	1.1	1.1	20382	low gain
  98	4100	0.6	0.6	35956	low gain
  99	4100	1.4	1.4	17207	low gain
 100	4100	0.8	0.8	33311	low gain
 101	1000	78.7	78.7	 405	unbonded
 102	4100	2.0	2.0	12112	low gain
 103	4100	1.1	1.1	22718	low gain
 104	4100	1.1	1.1	22563	low gain
 105	4100	1.1	1.1	22686	low gain
 106	4100	0.6	0.6	39144	low gain
 107	4100	1.0	1.0	22936	low gain
 108	4100	1.1	1.1	19882	low gain
 109	1000	76.9	76.9	 417	unbonded
 110	4100	0.9	0.9	26043	low gain
 111	4100	0.8	0.8	29613	low gain
 112	4100	1.4	1.4	17981	low gain
 113	4100	1.0	1.0	26217	low gain
 114	4100	0.9	0.9	27584	low gain
 115	4100	1.3	1.3	18293	low gain
 116	4100	1.6	1.6	14805	low gain
 117	1000	78.8	78.8	 366	unbonded
 118	4100	1.7	1.7	14149	low gain
 119	4100	0.9	0.9	26939	low gain
 120	4100	0.4	0.4	59374	low gain
 121	4100	0.8	0.8	31724	low gain
 122	4100	1.2	1.2	19768	low gain
 123	4100	0.7	0.7	49912	low gain
 124	4100	1.5	1.5	15243	low gain
 125	1000	78.7	78.7	 404	unbonded
 126	4100	1.3	1.3	18896	low gain
 127	4100	1.2	1.2	18783	low gain
 128	1000	0.0	0.0	   0	unbonded
 129	4000	1.2	1.2	19753	high noise
 130	4000	1.2	1.2	20718	high noise
 131	4000	0.9	0.9	25236	high noise
 132	4000	0.6	0.6	40553	high noise
 133	4000	0.9	0.9	25944	high noise
 134	4000	0.8	0.8	27514	high noise
 135	4000	0.8	0.8	28362	high noise
 136	4000	1.0	1.0	25093	high noise
 137	4000	0.9	0.9	25980	high noise
 138	4000	1.1	1.1	21742	high noise
 139	4000	1.0	1.0	21381	high noise
 140	4000	1.3	1.3	17489	high noise
 141	4000	0.9	0.9	24521	high noise
 142	4000	1.0	1.0	24870	high noise
 143	4000	0.9	0.9	24709	high noise
 144	4000	1.2	1.2	18891	high noise
 145	4000	1.2	1.2	18575	high noise
 146	4000	1.2	1.2	17116	high noise
 147	4000	1.1	1.1	20484	high noise
 148	4000	1.5	1.5	16370	high noise
 149	4000	1.4	1.4	17412	high noise
 150	4000	1.4	1.4	17282	high noise
 151	4000	1.4	1.4	18084	high noise
 152	4000	1.2	1.2	20185	high noise
 153	4000	1.2	1.2	20435	high noise
 154	4000	0.9	0.9	25517	high noise
 155	4000	0.9	0.9	26174	high noise
 156	4000	0.9	0.9	24196	high noise
 157	4000	0.9	0.9	27023	high noise
 158	4000	1.4	1.4	16177	high noise
 159	4000	1.3	1.3	17560	high noise
 160	4000	1.0	1.0	23889	high noise
 161	4000	0.8	0.8	26272	high noise
 162	4000	1.1	1.1	20862	high noise
 163	4000	1.1	1.1	19890	high noise
 164	4000	0.8	0.8	30101	high noise
 165	4000	0.7	0.7	31567	high noise
 166	4000	1.0	1.0	24802	high noise
 167	4000	1.2	1.2	19441	high noise
 168	4000	0.7	0.7	32020	high noise
 169	4000	1.4	1.4	16791	high noise
 170	4000	1.0	1.0	23463	high noise
 171	4000	0.7	0.7	36205	high noise
 172	4000	1.0	1.0	23673	high noise
 173	4000	1.5	1.5	15796	high noise
 174	4000	1.0	1.0	22558	high noise
 175	4000	0.9	0.9	25018	high noise
 176	4000	1.4	1.4	17780	high noise
 177	4000	0.5	0.5	44984	high noise
 178	4000	1.1	1.1	21883	high noise
 179	4000	0.8	0.8	31112	high noise
 180	4000	1.1	1.1	18698	high noise
 181	4000	0.8	0.8	28934	high noise
 182	4000	0.9	0.9	29093	high noise
 183	4000	0.7	0.7	36628	high noise
 184	4000	1.2	1.2	19621	high noise
 185	4000	0.8	0.8	27155	high noise
 186	4000	0.7	0.7	31436	high noise
 187	4000	0.9	0.9	25255	high noise
 188	4000	1.1	1.1	20181	high noise
 189	4000	0.9	0.9	30853	high noise
 190	4000	1.0	1.0	22390	high noise
 191	4000	1.1	1.1	21130	high noise
 192	4000	1.3	1.3	19203	high noise
 193	4000	1.2	1.2	19883	high noise
 194	4000	0.6	0.6	40404	high noise
 195	4000	0.9	0.9	26396	high noise
 196	4000	0.9	0.9	25273	high noise
 197	4000	0.9	0.9	23791	high noise
 198	4000	1.4	1.4	16404	high noise
 199	4000	1.4	1.4	17762	high noise
 200	4000	1.3	1.3	17921	high noise
 201	4000	1.0	1.0	24466	high noise
 202	4000	1.1	1.1	20597	high noise
 203	4000	0.8	0.8	27736	high noise
 204	4000	0.9	0.9	26823	high noise
 205	4000	1.0	1.0	22100	high noise
 206	4000	1.3	1.3	17789	high noise
 207	4000	0.8	0.8	27920	high noise
 208	4000	1.0	1.0	22966	high noise
 209	4000	1.0	1.0	21686	high noise
 210	4000	0.9	0.9	25078	high noise
 211	4000	1.1	1.1	22297	high noise
 212	4000	1.3	1.3	18543	high noise
 213	4000	1.3	1.3	19087	high noise
 214	4000	0.8	0.8	32004	high noise
 215	4000	0.6	0.6	43031	high noise
 216	4000	1.1	1.1	19958	high noise
 217	4000	0.7	0.7	32922	high noise
 218	4000	0.8	0.8	29114	high noise
 219	4000	0.9	0.9	25189	high noise
 220	4000	1.0	1.0	23238	high noise
 221	4000	1.3	1.3	18264	high noise
 222	4000	1.4	1.4	15669	high noise
 223	4000	1.2	1.2	19547	high noise
 224	4000	1.1	1.1	22971	high noise
 225	4000	0.8	0.8	32288	high noise
 226	4000	1.2	1.2	19764	high noise
 227	4000	0.8	0.8	27003	high noise
 228	4000	1.4	1.4	15385	high noise
 229	4000	1.2	1.2	20479	high noise
 230	4000	1.0	1.0	24596	high noise
 231	4000	0.8	0.8	27217	high noise
 232	4000	0.9	0.9	23816	high noise
 233	4000	1.3	1.3	17315	high noise
 234	4000	1.1	1.1	19497	high noise
 235	4000	0.9	0.9	25687	high noise
 236	4000	1.3	1.3	15952	high noise
 237	4000	0.9	0.9	26671	high noise
 238	4000	1.0	1.0	22277	high noise
 239	4000	1.3	1.3	17327	high noise
 240	4000	0.6	0.6	34932	high noise
 241	4000	0.9	0.9	25257	high noise
 242	4000	1.3	1.3	19275	high noise
 243	4000	0.6	0.6	41895	high noise
 244	4000	0.9	0.9	21237	high noise
 245	4000	0.7	0.7	33233	high noise
 246	4000	1.1	1.1	21119	high noise
 247	4000	0.7	0.7	31848	high noise
 248	4000	0.9	0.9	26179	high noise
 249	4000	1.2	1.2	18921	high noise
 250	4000	1.1	1.1	22836	high noise
 251	4000	0.8	0.8	28971	high noise
 252	4000	1.0	1.0	22042	high noise
 253	4000	1.2	1.2	19493	high noise
 254	4000	1.2	1.2	18526	high noise
 255	4000	1.5	1.5	15122	high noise
