#chan	code	gain	offset	innse	comment
   0	1100	0.0	0.0	   0	low gain
   1	4100	1.1	1.1	20225	low gain
   2	4100	1.5	1.5	16020	low gain
   3	4100	1.5	1.5	17127	low gain
   4	4100	1.5	1.5	15446	low gain
   5	4000	65.7	65.7	 607	high noise
   6	4104	1.6	1.6	14001	low gain
   7	4100	1.2	1.2	20364	low gain
   8	4100	1.3	1.3	18174	low gain
   9	4100	1.5	1.5	16534	low gain
  10	4100	0.9	0.9	27772	low gain
  11	4100	1.3	1.3	17285	low gain
  12	4100	1.2	1.2	19092	low gain
  13	1000	61.0	61.0	 475	unbonded
  14	4100	1.9	1.9	12625	low gain
  15	4100	1.2	1.2	22179	low gain
  16	4100	0.8	0.8	28569	low gain
  17	4100	1.2	1.2	19044	low gain
  18	4100	1.4	1.4	16821	low gain
  19	4100	1.3	1.3	19053	low gain
  20	4100	0.9	0.9	24719	low gain
  21	1000	59.9	59.9	 508	unbonded
  22	4100	1.2	1.2	19023	low gain
  23	4100	1.0	1.0	21586	low gain
  24	4100	1.2	1.2	19339	low gain
  25	4100	1.2	1.2	20247	low gain
  26	4100	1.4	1.4	18135	low gain
  27	4100	1.3	1.3	19243	low gain
  28	4100	0.9	0.9	24737	low gain
  29	1000	60.8	60.8	 478	unbonded
  30	4100	1.3	1.3	18436	low gain
  31	4100	0.9	0.9	24708	low gain
  32	4100	1.3	1.3	19191	low gain
  33	4100	1.3	1.3	17222	low gain
  34	4100	1.2	1.2	18811	low gain
  35	4100	0.8	0.8	31814	low gain
  36	4100	0.8	0.8	28401	low gain
  37	1000	59.1	59.1	 495	unbonded
  38	4100	1.0	1.0	22522	low gain
  39	4100	0.8	0.8	29347	low gain
  40	4100	0.7	0.7	30733	low gain
  41	4100	1.2	1.2	20292	low gain
  42	4100	1.3	1.3	18742	low gain
  43	4100	1.5	1.5	15780	low gain
  44	4100	0.7	0.7	28991	low gain
  45	1000	61.7	61.7	 468	unbonded
  46	4100	1.8	1.8	12107	low gain
  47	4100	1.2	1.2	19977	low gain
  48	4100	1.1	1.1	19097	low gain
  49	4100	1.4	1.4	19063	low gain
  50	4100	1.4	1.4	17651	low gain
  51	4100	1.0	1.0	21992	low gain
  52	4100	0.6	0.6	32412	low gain
  53	1000	60.2	60.2	 490	unbonded
  54	4100	1.2	1.2	18000	low gain
  55	4100	1.0	1.0	23160	low gain
  56	4100	1.0	1.0	23819	low gain
  57	4100	1.4	1.4	16484	low gain
  58	4100	0.8	0.8	30262	low gain
  59	4100	1.5	1.5	16770	low gain
  60	4100	1.1	1.1	21592	low gain
  61	1000	60.4	60.4	 493	unbonded
  62	4100	1.9	1.9	12066	low gain
  63	4100	1.4	1.4	18176	low gain
  64	4100	1.3	1.3	18585	low gain
  65	4100	1.6	1.6	15654	low gain
  66	4100	1.3	1.3	17518	low gain
  67	4100	0.9	0.9	25974	low gain
  68	4100	1.2	1.2	19139	low gain
  69	1000	61.4	61.4	 490	unbonded
  70	4100	1.6	1.6	14005	low gain
  71	4100	1.2	1.2	20121	low gain
  72	4100	1.1	1.1	21119	low gain
  73	4104	0.6	0.6	35911	low gain
  74	4100	1.2	1.2	20242	low gain
  75	4100	1.2	1.2	20434	low gain
  76	4100	1.1	1.1	19834	low gain
  77	1000	61.4	61.4	 498	unbonded
  78	4100	1.4	1.4	17698	low gain
  79	4100	1.1	1.1	23464	low gain
  80	4100	1.5	1.5	16836	low gain
  81	4100	1.2	1.2	20066	low gain
  82	4100	1.1	1.1	21767	low gain
  83	4100	1.4	1.4	18195	low gain
  84	4100	0.8	0.8	30653	low gain
  85	1000	60.6	60.6	 467	unbonded
  86	4100	1.1	1.1	20095	low gain
  87	4100	1.3	1.3	18508	low gain
  88	4100	1.3	1.3	20340	low gain
  89	4100	1.0	1.0	22898	low gain
  90	4100	0.9	0.9	27052	low gain
  91	4100	1.3	1.3	17930	low gain
  92	4100	1.3	1.3	17174	low gain
  93	1000	61.4	61.4	 483	unbonded
  94	4100	1.7	1.7	14199	low gain
  95	4100	0.8	0.8	25991	low gain
  96	4100	0.7	0.7	33279	low gain
  97	4100	1.1	1.1	22518	low gain
  98	4100	1.0	1.0	22497	low gain
  99	4100	0.9	0.9	26467	low gain
 100	4100	1.0	1.0	24409	low gain
 101	1000	62.8	62.8	 462	unbonded
 102	4100	1.9	1.9	12905	low gain
 103	4100	1.0	1.0	24231	low gain
 104	4100	1.4	1.4	17211	low gain
 105	4100	0.9	0.9	27790	low gain
 106	4100	1.5	1.5	16926	low gain
 107	4100	1.0	1.0	22852	low gain
 108	4100	1.1	1.1	20531	low gain
 109	1000	61.2	61.2	 495	unbonded
 110	4100	1.3	1.3	18122	low gain
 111	4100	0.8	0.8	29830	low gain
 112	4100	0.9	0.9	25274	low gain
 113	4100	1.4	1.4	17698	low gain
 114	4100	1.1	1.1	21856	low gain
 115	4100	1.2	1.2	18279	low gain
 116	4100	0.8	0.8	28152	low gain
 117	1000	61.4	61.4	 469	unbonded
 118	4100	1.1	1.1	20732	low gain
 119	4100	1.1	1.1	19738	low gain
 120	4100	1.1	1.1	22715	low gain
 121	4100	1.3	1.3	18449	low gain
 122	4100	1.1	1.1	19743	low gain
 123	4100	1.5	1.5	23881	low gain
 124	4100	1.0	1.0	22427	low gain
 125	1000	62.7	62.7	 456	unbonded
 126	4100	1.6	1.6	14285	low gain
 127	4100	1.6	1.6	15596	low gain
 128	1000	0.0	0.0	   0	unbonded
 129	4000	1.6	1.6	13877	high noise
 130	4000	1.3	1.3	17012	high noise
 131	4000	1.3	1.3	17594	high noise
 132	4000	1.1	1.1	21898	high noise
 133	4000	1.2	1.2	17438	high noise
 134	4000	1.1	1.1	18742	high noise
 135	4000	1.4	1.4	17818	high noise
 136	4000	1.5	1.5	16306	high noise
 137	4000	0.9	0.9	24348	high noise
 138	4000	0.9	0.9	25657	high noise
 139	4000	1.0	1.0	21671	high noise
 140	4000	1.0	1.0	22755	high noise
 141	4000	1.1	1.1	21489	high noise
 142	4000	0.9	0.9	29125	high noise
 143	4000	1.2	1.2	20208	high noise
 144	4000	1.1	1.1	20051	high noise
 145	4000	1.1	1.1	22500	high noise
 146	4000	1.2	1.2	19065	high noise
 147	4000	1.3	1.3	17604	high noise
 148	4000	1.0	1.0	22132	high noise
 149	4000	1.0	1.0	24604	high noise
 150	4000	1.1	1.1	22203	high noise
 151	4000	1.2	1.2	19065	high noise
 152	4000	1.1	1.1	19728	high noise
 153	4000	0.9	0.9	25300	high noise
 154	4000	1.3	1.3	17927	high noise
 155	4000	1.5	1.5	14832	high noise
 156	4000	1.0	1.0	23566	high noise
 157	4000	1.2	1.2	19245	high noise
 158	4000	1.3	1.3	17316	high noise
 159	4000	0.8	0.8	29607	high noise
 160	4000	0.8	0.8	29168	high noise
 161	4000	0.7	0.7	34962	high noise
 162	4000	1.3	1.3	17727	high noise
 163	4000	1.0	1.0	22931	high noise
 164	4000	1.3	1.3	16512	high noise
 165	4000	0.9	0.9	23849	high noise
 166	4000	1.2	1.2	19910	high noise
 167	4000	0.9	0.9	24123	high noise
 168	4000	1.1	1.1	21734	high noise
 169	4000	0.9	0.9	26182	high noise
 170	4000	1.1	1.1	21841	high noise
 171	4000	1.2	1.2	17735	high noise
 172	4000	1.2	1.2	18580	high noise
 173	4000	1.7	1.7	13492	high noise
 174	4000	1.2	1.2	19928	high noise
 175	4000	1.0	1.0	20903	high noise
 176	4000	1.5	1.5	17091	high noise
 177	4000	0.9	0.9	24981	high noise
 178	4000	1.0	1.0	22520	high noise
 179	4000	1.4	1.4	17411	high noise
 180	4000	1.3	1.3	17096	high noise
 181	4000	1.2	1.2	19333	high noise
 182	4000	0.9	0.9	25660	high noise
 183	4000	1.2	1.2	20201	high noise
 184	4000	1.4	1.4	18747	high noise
 185	4000	1.7	1.7	13852	high noise
 186	4000	1.0	1.0	24462	high noise
 187	4000	1.2	1.2	21563	high noise
 188	4000	1.3	1.3	19663	high noise
 189	4000	1.6	1.6	16194	high noise
 190	4000	1.3	1.3	19306	high noise
 191	4000	1.2	1.2	19679	high noise
 192	4000	1.9	1.9	13407	high noise
 193	4000	0.7	0.7	31553	high noise
 194	4000	1.4	1.4	16384	high noise
 195	4000	1.2	1.2	18753	high noise
 196	4000	1.4	1.4	16625	high noise
 197	4000	1.5	1.5	14847	high noise
 198	4000	1.3	1.3	17731	high noise
 199	4000	1.4	1.4	16300	high noise
 200	4000	1.1	1.1	20924	high noise
 201	4000	1.6	1.6	14807	high noise
 202	4000	1.1	1.1	22315	high noise
 203	4000	1.2	1.2	17756	high noise
 204	4000	1.6	1.6	15912	high noise
 205	4000	1.0	1.0	22102	high noise
 206	4000	1.4	1.4	17712	high noise
 207	4000	1.2	1.2	19933	high noise
 208	4000	1.1	1.1	20948	high noise
 209	4000	0.6	0.6	34820	high noise
 210	4000	1.2	1.2	19350	high noise
 211	4000	0.9	0.9	29162	high noise
 212	4000	1.0	1.0	24312	high noise
 213	4000	1.0	1.0	23600	high noise
 214	4000	1.2	1.2	20757	high noise
 215	4000	1.1	1.1	21972	high noise
 216	4000	1.1	1.1	19963	high noise
 217	4000	1.1	1.1	20241	high noise
 218	4000	0.8	0.8	29947	high noise
 219	4000	1.4	1.4	17360	high noise
 220	4000	1.3	1.3	16750	high noise
 221	4000	1.6	1.6	13797	high noise
 222	4000	0.8	0.8	30133	high noise
 223	4000	1.1	1.1	21991	high noise
 224	4000	1.5	1.5	16121	high noise
 225	4000	1.1	1.1	22206	high noise
 226	4000	1.2	1.2	19508	high noise
 227	4000	0.8	0.8	26075	high noise
 228	4000	1.1	1.1	20714	high noise
 229	4000	0.8	0.8	32111	high noise
 230	4000	1.2	1.2	19745	high noise
 231	4000	1.3	1.3	17224	high noise
 232	4000	0.9	0.9	25485	high noise
 233	4000	1.2	1.2	19008	high noise
 234	4000	0.6	0.6	45509	high noise
 235	4000	1.0	1.0	22974	high noise
 236	4000	1.4	1.4	16520	high noise
 237	4000	1.1	1.1	19741	high noise
 238	4000	0.9	0.9	25527	high noise
 239	4000	0.8	0.8	29339	high noise
 240	4000	0.9	0.9	24713	high noise
 241	4000	1.1	1.1	20371	high noise
 242	4000	1.2	1.2	18668	high noise
 243	4000	1.4	1.4	16349	high noise
 244	4000	1.0	1.0	21300	high noise
 245	4000	1.2	1.2	19303	high noise
 246	4000	0.9	0.9	26198	high noise
 247	4000	0.9	0.9	27219	high noise
 248	4000	1.4	1.4	16066	high noise
 249	4000	1.3	1.3	17937	high noise
 250	4000	0.7	0.7	33164	high noise
 251	4000	1.1	1.1	23509	high noise
 252	4000	1.4	1.4	16495	high noise
 253	4000	1.6	1.6	14718	high noise
 254	4000	1.1	1.1	19687	high noise
 255	4000	0.9	0.9	28709	high noise
