#chan	code	gain	offset	innse	comment
   0	1100	0.0	0.0	   0	low gain
   1	4100	1.3	1.3	16951	low gain
   2	4100	0.7	0.7	32638	low gain
   3	4100	0.7	0.7	30037	low gain
   4	4100	1.0	1.0	23756	low gain
   5	1000	80.1	80.1	 534	unbonded
   6	4104	1.2	1.2	17362	low gain
   7	4100	1.2	1.2	19841	low gain
   8	4100	0.8	0.8	27763	low gain
   9	4100	0.9	0.9	26421	low gain
  10	4100	1.0	1.0	21629	low gain
  11	4100	0.9	0.9	24211	low gain
  12	4100	0.9	0.9	28204	low gain
  13	1000	76.3	76.3	 358	unbonded
  14	4100	1.2	1.2	18455	low gain
  15	4100	0.8	0.8	30542	low gain
  16	4100	1.4	1.4	16216	low gain
  17	4100	1.3	1.3	20836	low gain
  18	4100	0.8	0.8	26460	low gain
  19	4100	1.1	1.1	21771	low gain
  20	4100	0.9	0.9	25829	low gain
  21	1000	77.0	77.0	 407	unbonded
  22	4100	1.2	1.2	19964	low gain
  23	4100	0.8	0.8	27132	low gain
  24	4100	1.3	1.3	18892	low gain
  25	4100	0.6	0.6	40945	low gain
  26	4100	1.3	1.3	18236	low gain
  27	4100	0.9	0.9	24672	low gain
  28	4100	0.9	0.9	24518	low gain
  29	1000	76.1	76.1	 391	unbonded
  30	4100	1.4	1.4	17750	low gain
  31	4100	0.4	0.4	54241	low gain
  32	4100	0.9	0.9	25544	low gain
  33	4100	1.0	1.0	26374	low gain
  34	4100	0.8	0.8	31710	low gain
  35	4100	0.5	0.5	45291	low gain
  36	4100	0.9	0.9	25002	low gain
  37	1000	76.4	76.4	 372	unbonded
  38	4100	0.6	0.6	38051	low gain
  39	4100	1.1	1.1	21662	low gain
  40	4100	1.2	1.2	20988	low gain
  41	4100	1.0	1.0	21810	low gain
  42	4100	1.0	1.0	21889	low gain
  43	4100	0.6	0.6	41441	low gain
  44	4100	0.7	0.7	35728	low gain
  45	1000	78.2	78.2	 378	unbonded
  46	4100	1.0	1.0	22576	low gain
  47	4100	0.8	0.8	29167	low gain
  48	4100	1.3	1.3	17781	low gain
  49	4100	1.2	1.2	18236	low gain
  50	4100	1.2	1.2	19700	low gain
  51	4100	1.1	1.1	21852	low gain
  52	4100	0.9	0.9	25266	low gain
  53	1000	76.1	76.1	 399	unbonded
  54	4100	0.9	0.9	24941	low gain
  55	4100	1.1	1.1	20584	low gain
  56	4100	0.7	0.7	35929	low gain
  57	4100	0.8	0.8	30417	low gain
  58	4100	0.5	0.5	43584	low gain
  59	4100	1.1	1.1	21607	low gain
  60	4100	1.0	1.0	21310	low gain
  61	1000	77.0	77.0	 412	unbonded
  62	4100	1.4	1.4	16079	low gain
  63	4100	1.0	1.0	25404	low gain
  64	4100	1.0	1.0	22362	low gain
  65	4100	1.1	1.1	21426	low gain
  66	4100	1.0	1.0	22818	low gain
  67	4100	0.6	0.6	36196	low gain
  68	4100	1.3	1.3	17906	low gain
  69	1000	79.6	79.6	 388	unbonded
  70	4100	1.1	1.1	23946	low gain
  71	4100	0.6	0.6	40800	low gain
  72	4100	0.8	0.8	28826	low gain
  73	4104	0.7	0.7	30293	low gain
  74	4100	1.1	1.1	22013	low gain
  75	4100	0.7	0.7	37244	low gain
  76	4100	1.1	1.1	19908	low gain
  77	1000	78.4	78.4	 415	unbonded
  78	4100	1.3	1.3	19130	low gain
  79	4100	0.9	0.9	26764	low gain
  80	4100	1.1	1.1	19833	low gain
  81	4100	1.4	1.4	17196	low gain
  82	4100	0.9	0.9	27172	low gain
  83	4100	1.1	1.1	22139	low gain
  84	4100	0.9	0.9	26481	low gain
  85	1000	77.2	77.2	 396	unbonded
  86	4100	1.3	1.3	17965	low gain
  87	4100	0.9	0.9	25937	low gain
  88	4100	1.0	1.0	25619	low gain
  89	4100	1.0	1.0	25297	low gain
  90	4100	1.2	1.2	20440	low gain
  91	4100	1.3	1.3	18326	low gain
  92	4100	1.8	1.8	13126	low gain
  93	1000	79.8	79.8	 386	unbonded
  94	4100	1.1	1.1	22598	low gain
  95	4100	0.8	0.8	27269	low gain
  96	4100	0.6	0.6	39875	low gain
  97	4100	1.1	1.1	20908	low gain
  98	4100	1.1	1.1	20180	low gain
  99	4100	1.0	1.0	21994	low gain
 100	4100	0.9	0.9	27867	low gain
 101	1000	79.2	79.2	 391	unbonded
 102	4100	1.6	1.6	15032	low gain
 103	4100	0.7	0.7	37638	low gain
 104	4100	1.2	1.2	19722	low gain
 105	4100	1.7	1.7	14476	low gain
 106	4100	0.5	0.5	48027	low gain
 107	4100	1.0	1.0	23153	low gain
 108	4100	0.8	0.8	29950	low gain
 109	1000	77.2	77.2	 389	unbonded
 110	4100	1.2	1.2	20002	low gain
 111	4100	0.8	0.8	29460	low gain
 112	4100	0.7	0.7	34386	low gain
 113	4100	1.0	1.0	24201	low gain
 114	4100	1.0	1.0	22846	low gain
 115	4100	0.7	0.7	30267	low gain
 116	4100	1.2	1.2	19422	low gain
 117	1000	78.6	78.6	 387	unbonded
 118	4100	1.1	1.1	21535	low gain
 119	4100	1.0	1.0	22415	low gain
 120	4100	0.8	0.8	29233	low gain
 121	4100	1.2	1.2	21270	low gain
 122	4100	1.2	1.2	20068	low gain
 123	4100	0.6	0.6	54800	low gain
 124	4100	0.3	0.3	77062	low gain
 125	1000	79.2	79.2	 366	unbonded
 126	4100	1.6	1.6	14655	low gain
 127	4100	1.5	1.5	16135	low gain
 128	1000	0.0	0.0	   0	unbonded
 129	4000	1.0	1.0	24572	high noise
 130	4000	0.8	0.8	30169	high noise
 131	4000	1.4	1.4	17408	high noise
 132	4000	0.9	0.9	27093	high noise
 133	4000	1.1	1.1	20255	high noise
 134	4000	0.9	0.9	23428	high noise
 135	4000	1.0	1.0	23203	high noise
 136	4000	1.1	1.1	22393	high noise
 137	4000	1.1	1.1	23091	high noise
 138	4000	0.8	0.8	31401	high noise
 139	4000	0.7	0.7	28315	high noise
 140	4000	1.1	1.1	20313	high noise
 141	4000	1.1	1.1	20046	high noise
 142	4000	1.4	1.4	16149	high noise
 143	4000	1.0	1.0	21108	high noise
 144	4000	0.8	0.8	30628	high noise
 145	4000	0.8	0.8	29234	high noise
 146	4000	0.8	0.8	27207	high noise
 147	4000	1.0	1.0	22699	high noise
 148	4000	0.8	0.8	29204	high noise
 149	4000	1.1	1.1	21548	high noise
 150	4000	0.8	0.8	27966	high noise
 151	4000	1.4	1.4	17755	high noise
 152	4000	0.9	0.9	26519	high noise
 153	4000	1.3	1.3	18708	high noise
 154	4000	0.8	0.8	30069	high noise
 155	4000	1.0	1.0	24520	high noise
 156	4000	0.9	0.9	24025	high noise
 157	4000	1.0	1.0	23451	high noise
 158	4000	1.3	1.3	18294	high noise
 159	4000	1.2	1.2	19647	high noise
 160	4000	0.7	0.7	31995	high noise
 161	4000	0.9	0.9	25239	high noise
 162	4000	1.1	1.1	20760	high noise
 163	4000	0.8	0.8	28656	high noise
 164	4000	1.5	1.5	15509	high noise
 165	4000	0.8	0.8	26958	high noise
 166	4000	1.2	1.2	20258	high noise
 167	4000	1.2	1.2	19865	high noise
 168	4000	1.2	1.2	18764	high noise
 169	4000	0.8	0.8	27830	high noise
 170	4000	1.3	1.3	17958	high noise
 171	4000	1.1	1.1	20004	high noise
 172	4000	1.0	1.0	22457	high noise
 173	4000	1.1	1.1	21738	high noise
 174	4000	1.3	1.3	18762	high noise
 175	4000	0.9	0.9	28721	high noise
 176	4000	1.3	1.3	19671	high noise
 177	4000	0.3	0.3	77071	high noise
 178	4000	1.0	1.0	23106	high noise
 179	4000	0.8	0.8	30484	high noise
 180	4000	0.9	0.9	25556	high noise
 181	4000	0.9	0.9	24541	high noise
 182	4000	1.1	1.1	20976	high noise
 183	4000	0.7	0.7	32784	high noise
 184	4000	1.1	1.1	22245	high noise
 185	4000	1.6	1.6	15172	high noise
 186	4000	0.8	0.8	28540	high noise
 187	4000	0.5	0.5	48379	high noise
 188	4000	1.1	1.1	20766	high noise
 189	4000	0.9	0.9	28203	high noise
 190	4000	1.0	1.0	22456	high noise
 191	4000	1.2	1.2	21270	high noise
 192	4000	1.4	1.4	17726	high noise
 193	4000	1.4	1.4	16985	high noise
 194	4000	0.8	0.8	29805	high noise
 195	4000	0.9	0.9	25860	high noise
 196	4000	0.9	0.9	26559	high noise
 197	4000	1.0	1.0	22722	high noise
 198	4000	1.4	1.4	16961	high noise
 199	4000	1.0	1.0	22527	high noise
 200	4000	0.9	0.9	24204	high noise
 201	4000	1.0	1.0	22581	high noise
 202	4000	1.3	1.3	19502	high noise
 203	4000	0.7	0.7	30098	high noise
 204	4000	0.9	0.9	24442	high noise
 205	4000	1.3	1.3	17095	high noise
 206	4000	0.8	0.8	28632	high noise
 207	4000	0.8	0.8	27575	high noise
 208	4000	1.2	1.2	18824	high noise
 209	4000	0.7	0.7	32481	high noise
 210	4000	1.4	1.4	16585	high noise
 211	4000	0.9	0.9	27531	high noise
 212	4000	1.0	1.0	24136	high noise
 213	4000	1.0	1.0	26089	high noise
 214	4000	0.9	0.9	23389	high noise
 215	4000	1.5	1.5	16002	high noise
 216	4000	1.0	1.0	22307	high noise
 217	4000	1.1	1.1	21338	high noise
 218	4000	1.3	1.3	18336	high noise
 219	4000	1.0	1.0	23828	high noise
 220	4000	1.0	1.0	22536	high noise
 221	4000	0.9	0.9	23852	high noise
 222	4000	0.4	0.4	58535	high noise
 223	4000	1.1	1.1	22320	high noise
 224	4000	1.0	1.0	23013	high noise
 225	4000	1.0	1.0	24875	high noise
 226	4000	0.9	0.9	24383	high noise
 227	4000	0.8	0.8	27135	high noise
 228	4000	0.6	0.6	41070	high noise
 229	4000	1.2	1.2	19425	high noise
 230	4000	0.8	0.8	29149	high noise
 231	4000	1.1	1.1	19785	high noise
 232	4000	1.2	1.2	20459	high noise
 233	4000	1.4	1.4	16641	high noise
 234	4000	0.9	0.9	25567	high noise
 235	4000	1.1	1.1	22014	high noise
 236	4000	1.1	1.1	20586	high noise
 237	4000	0.7	0.7	31573	high noise
 238	4000	0.9	0.9	26974	high noise
 239	4000	1.1	1.1	20847	high noise
 240	4000	1.4	1.4	16763	high noise
 241	4000	0.9	0.9	25748	high noise
 242	4000	1.2	1.2	19223	high noise
 243	4000	1.0	1.0	23422	high noise
 244	4000	1.1	1.1	19311	high noise
 245	4000	0.8	0.8	27797	high noise
 246	4000	1.0	1.0	24760	high noise
 247	4000	1.1	1.1	22252	high noise
 248	4000	1.0	1.0	22791	high noise
 249	4000	1.3	1.3	18663	high noise
 250	4000	1.1	1.1	20491	high noise
 251	4000	0.9	0.9	28382	high noise
 252	4000	1.4	1.4	16730	high noise
 253	4000	0.4	0.4	54056	high noise
 254	4000	0.9	0.9	26359	high noise
 255	4000	1.1	1.1	21002	high noise
