#chan	code	gain	offset	innse	comment
   0	1100	0.0	0.0	   0	low gain
   1	4100	1.2	1.2	19157	low gain
   2	4100	1.2	1.2	17482	low gain
   3	1000	79.0	79.0	 421	unbonded
   4	4100	1.2	1.2	21197	low gain
   5	4100	1.3	1.3	21677	low gain
   6	4104	1.1	1.1	20940	low gain
   7	4100	0.8	0.8	29693	low gain
   8	4100	1.1	1.1	21796	low gain
   9	4100	1.2	1.2	20414	low gain
  10	4100	0.9	0.9	27635	low gain
  11	1000	75.5	75.5	 423	unbonded
  12	4100	1.8	1.8	13274	low gain
  13	4100	0.8	0.8	29719	low gain
  14	4100	1.3	1.3	18247	low gain
  15	4100	1.3	1.3	19790	low gain
  16	4100	1.6	1.6	13589	low gain
  17	4100	1.1	1.1	21554	low gain
  18	4100	0.7	0.7	30987	low gain
  19	1000	75.4	75.4	 411	unbonded
  20	4100	1.5	1.5	14420	low gain
  21	4100	1.5	1.5	15749	low gain
  22	4100	1.3	1.3	18403	low gain
  23	4100	1.3	1.3	19562	low gain
  24	4100	0.8	0.8	29857	low gain
  25	4100	1.3	1.3	16925	low gain
  26	4100	0.8	0.8	31802	low gain
  27	1000	75.9	75.9	 376	unbonded
  28	4100	1.5	1.5	15501	low gain
  29	4100	1.3	1.3	17758	low gain
  30	4100	1.4	1.4	17129	low gain
  31	4100	0.7	0.7	33073	low gain
  32	4100	1.2	1.2	20273	low gain
  33	4100	1.1	1.1	23052	low gain
  34	4100	1.3	1.3	16508	low gain
  35	1000	76.0	76.0	 406	unbonded
  36	4100	1.3	1.3	17247	low gain
  37	4100	0.9	0.9	24509	low gain
  38	4100	1.3	1.3	17614	low gain
  39	4100	0.7	0.7	32641	low gain
  40	4100	1.1	1.1	21023	low gain
  41	4100	1.2	1.2	18514	low gain
  42	4100	1.1	1.1	21165	low gain
  43	1000	76.4	76.4	 393	unbonded
  44	4100	1.0	1.0	24578	low gain
  45	4100	1.1	1.1	21894	low gain
  46	4100	1.2	1.2	18710	low gain
  47	4100	1.4	1.4	17137	low gain
  48	4100	1.5	1.5	15543	low gain
  49	4100	1.4	1.4	16225	low gain
  50	4100	1.0	1.0	22912	low gain
  51	1000	77.0	77.0	 409	unbonded
  52	4100	1.4	1.4	16223	low gain
  53	4100	1.5	1.5	14827	low gain
  54	4100	1.3	1.3	16227	low gain
  55	4100	1.4	1.4	17494	low gain
  56	4100	1.1	1.1	22860	low gain
  57	4100	1.6	1.6	15071	low gain
  58	4100	1.3	1.3	18009	low gain
  59	1000	78.5	78.5	 403	unbonded
  60	4100	1.3	1.3	17869	low gain
  61	4100	0.9	0.9	24847	low gain
  62	4100	1.5	1.5	16192	low gain
  63	4100	1.1	1.1	21995	low gain
  64	4100	1.5	1.5	15249	low gain
  65	4100	1.3	1.3	18511	low gain
  66	4100	1.2	1.2	21704	low gain
  67	1000	74.8	74.8	 397	unbonded
  68	4100	1.2	1.2	19602	low gain
  69	4100	1.4	1.4	16824	low gain
  70	4100	1.2	1.2	20668	low gain
  71	4100	1.4	1.4	17668	low gain
  72	4100	1.3	1.3	18161	low gain
  73	4104	0.9	0.9	24712	low gain
  74	4100	1.4	1.4	16555	low gain
  75	1000	77.9	77.9	 408	unbonded
  76	4100	1.3	1.3	15832	low gain
  77	4100	1.3	1.3	18104	low gain
  78	4100	1.0	1.0	25225	low gain
  79	4100	1.3	1.3	17511	low gain
  80	4100	1.1	1.1	21499	low gain
  81	4100	1.0	1.0	22434	low gain
  82	4100	1.2	1.2	18691	low gain
  83	1000	77.7	77.7	 388	unbonded
  84	4100	1.1	1.1	21623	low gain
  85	4100	1.6	1.6	14976	low gain
  86	4100	1.3	1.3	18453	low gain
  87	4100	1.7	1.7	14595	low gain
  88	4100	0.9	0.9	25821	low gain
  89	4100	1.3	1.3	18836	low gain
  90	4100	1.2	1.2	18723	low gain
  91	1000	77.2	77.2	 385	unbonded
  92	4100	1.7	1.7	13723	low gain
  93	4100	1.6	1.6	14010	low gain
  94	4100	1.4	1.4	16989	low gain
  95	4100	1.3	1.3	18260	low gain
  96	4100	1.2	1.2	20107	low gain
  97	4100	1.3	1.3	16761	low gain
  98	4100	1.0	1.0	22352	low gain
  99	1000	78.1	78.1	 396	unbonded
 100	4100	1.4	1.4	16256	low gain
 101	4100	1.2	1.2	19900	low gain
 102	4100	1.5	1.5	14539	low gain
 103	4100	1.5	1.5	15555	low gain
 104	4100	1.1	1.1	20063	low gain
 105	4100	0.8	0.8	30427	low gain
 106	4100	1.6	1.6	15545	low gain
 107	1000	75.8	75.8	 422	unbonded
 108	4100	1.3	1.3	17182	low gain
 109	4100	1.1	1.1	21064	low gain
 110	4100	0.8	0.8	28703	low gain
 111	4100	1.2	1.2	19848	low gain
 112	4100	1.1	1.1	21587	low gain
 113	4100	1.4	1.4	18249	low gain
 114	4100	1.4	1.4	17819	low gain
 115	1000	75.0	75.0	 436	unbonded
 116	4100	1.6	1.6	14349	low gain
 117	4100	1.2	1.2	21322	low gain
 118	4100	1.2	1.2	20005	low gain
 119	4100	1.0	1.0	22070	low gain
 120	4100	1.4	1.4	15524	low gain
 121	4100	1.3	1.3	18786	low gain
 122	4100	1.3	1.3	16622	low gain
 123	4000	72.9	72.9	 735	high noise
 124	4100	1.7	1.7	14182	low gain
 125	4100	1.2	1.2	19344	low gain
 126	4100	1.6	1.6	16884	low gain
 127	4100	1.3	1.3	18645	low gain
 128	1000	0.0	0.0	   0	unbonded
 129	4000	1.6	1.6	14842	high noise
 130	4000	1.0	1.0	22675	high noise
 131	4000	1.1	1.1	21668	high noise
 132	4000	1.4	1.4	17150	high noise
 133	4000	0.9	0.9	25740	high noise
 134	4000	1.0	1.0	25262	high noise
 135	4000	1.2	1.2	19704	high noise
 136	4000	1.2	1.2	22078	high noise
 137	4000	1.3	1.3	18978	high noise
 138	4000	1.3	1.3	17442	high noise
 139	4000	1.4	1.4	16092	high noise
 140	4000	0.7	0.7	30522	high noise
 141	4000	1.1	1.1	21023	high noise
 142	4000	1.3	1.3	18469	high noise
 143	4000	1.2	1.2	18873	high noise
 144	4000	1.3	1.3	17379	high noise
 145	4000	1.5	1.5	15437	high noise
 146	4000	1.4	1.4	18446	high noise
 147	4000	1.1	1.1	20564	high noise
 148	4000	1.4	1.4	17338	high noise
 149	4000	1.8	1.8	13275	high noise
 150	4000	1.5	1.5	16181	high noise
 151	4000	0.6	0.6	35374	high noise
 152	4000	1.5	1.5	15725	high noise
 153	4000	0.9	0.9	29382	high noise
 154	4000	1.1	1.1	20450	high noise
 155	4000	1.3	1.3	19572	high noise
 156	4000	0.9	0.9	24603	high noise
 157	4000	0.7	0.7	36031	high noise
 158	4000	1.1	1.1	22182	high noise
 159	4000	1.0	1.0	21672	high noise
 160	4000	1.5	1.5	15839	high noise
 161	4000	0.8	0.8	29542	high noise
 162	4000	1.5	1.5	16702	high noise
 163	4000	1.1	1.1	23530	high noise
 164	4000	1.3	1.3	18803	high noise
 165	4000	1.1	1.1	19054	high noise
 166	4000	1.6	1.6	15006	high noise
 167	4000	1.2	1.2	20841	high noise
 168	4000	0.6	0.6	37205	high noise
 169	4000	1.2	1.2	17863	high noise
 170	4000	1.5	1.5	16322	high noise
 171	4000	1.5	1.5	15329	high noise
 172	4000	1.3	1.3	18088	high noise
 173	4000	1.5	1.5	14874	high noise
 174	4000	1.2	1.2	18485	high noise
 175	4000	1.1	1.1	20607	high noise
 176	4000	2.0	2.0	11612	high noise
 177	4000	0.9	0.9	23476	high noise
 178	4000	1.7	1.7	13105	high noise
 179	4000	1.7	1.7	14527	high noise
 180	4000	1.2	1.2	21073	high noise
 181	4000	1.2	1.2	19743	high noise
 182	4000	1.2	1.2	19940	high noise
 183	4000	1.2	1.2	19136	high noise
 184	4000	1.5	1.5	15224	high noise
 185	4000	1.1	1.1	20144	high noise
 186	4000	1.6	1.6	15841	high noise
 187	4000	0.9	0.9	26667	high noise
 188	4000	1.4	1.4	16775	high noise
 189	4000	1.5	1.5	17113	high noise
 190	4000	1.2	1.2	19020	high noise
 191	4000	1.2	1.2	19555	high noise
 192	4000	1.7	1.7	13849	high noise
 193	4000	1.3	1.3	18039	high noise
 194	4000	1.4	1.4	16537	high noise
 195	4000	1.0	1.0	21399	high noise
 196	4000	1.1	1.1	19671	high noise
 197	4000	1.3	1.3	17802	high noise
 198	4000	1.2	1.2	18538	high noise
 199	4000	1.0	1.0	22557	high noise
 200	4000	0.8	0.8	27232	high noise
 201	4000	1.4	1.4	16111	high noise
 202	4000	1.6	1.6	15119	high noise
 203	4000	1.1	1.1	21334	high noise
 204	4000	1.6	1.6	13908	high noise
 205	4000	1.5	1.5	16232	high noise
 206	4000	1.6	1.6	15800	high noise
 207	4000	0.8	0.8	29782	high noise
 208	4000	1.2	1.2	17154	high noise
 209	4000	1.3	1.3	16521	high noise
 210	4000	1.2	1.2	19795	high noise
 211	4000	1.2	1.2	19904	high noise
 212	4000	1.2	1.2	20823	high noise
 213	4000	0.9	0.9	27742	high noise
 214	4000	1.1	1.1	19842	high noise
 215	4000	1.5	1.5	15549	high noise
 216	4000	1.1	1.1	20091	high noise
 217	4000	1.1	1.1	20947	high noise
 218	4000	1.7	1.7	14049	high noise
 219	4000	1.1	1.1	20030	high noise
 220	4000	1.1	1.1	21142	high noise
 221	4000	1.1	1.1	21693	high noise
 222	4000	1.3	1.3	17459	high noise
 223	4000	1.6	1.6	15528	high noise
 224	4000	1.4	1.4	18476	high noise
 225	4000	1.3	1.3	18077	high noise
 226	4000	1.0	1.0	23574	high noise
 227	4000	1.4	1.4	14985	high noise
 228	4000	1.2	1.2	19698	high noise
 229	4000	1.4	1.4	15644	high noise
 230	4000	1.2	1.2	18468	high noise
 231	4000	1.3	1.3	18088	high noise
 232	4000	1.7	1.7	13640	high noise
 233	4000	1.5	1.5	16832	high noise
 234	4000	1.6	1.6	13072	high noise
 235	4000	1.0	1.0	22413	high noise
 236	4000	1.5	1.5	15499	high noise
 237	4000	1.3	1.3	16949	high noise
 238	4000	1.0	1.0	22646	high noise
 239	4000	1.3	1.3	18359	high noise
 240	4000	1.3	1.3	17765	high noise
 241	4000	1.4	1.4	17451	high noise
 242	4000	1.0	1.0	24712	high noise
 243	4000	1.1	1.1	20987	high noise
 244	4000	1.2	1.2	18189	high noise
 245	4000	1.1	1.1	20533	high noise
 246	4000	1.2	1.2	17695	high noise
 247	4000	1.3	1.3	19702	high noise
 248	4000	1.2	1.2	20796	high noise
 249	4000	0.8	0.8	27072	high noise
 250	4000	1.6	1.6	13784	high noise
 251	4000	1.7	1.7	15174	high noise
 252	4000	1.1	1.1	19471	high noise
 253	4000	1.7	1.7	14054	high noise
 254	4000	1.2	1.2	19411	high noise
 255	4000	1.7	1.7	14877	high noise
