#chan	code	gain	offset	innse	comment
   0	1100	0.0	0.0	   0	low gain
   1	4100	1.3	1.3	17459	low gain
   2	4100	1.4	1.4	16681	low gain
   3	1000	80.0	80.0	 417	unbonded
   4	4100	1.1	1.1	20988	low gain
   5	4100	1.6	1.6	18290	low gain
   6	4104	1.0	1.0	22244	low gain
   7	4100	1.4	1.4	18763	low gain
   8	4100	1.4	1.4	17298	low gain
   9	4100	1.3	1.3	18553	low gain
  10	4100	1.4	1.4	16901	low gain
  11	1000	76.7	76.7	 402	unbonded
  12	4100	2.0	2.0	11558	low gain
  13	4100	1.4	1.4	17350	low gain
  14	4100	1.3	1.3	18438	low gain
  15	4100	0.9	0.9	27262	low gain
  16	4100	1.3	1.3	18065	low gain
  17	4100	1.3	1.3	18021	low gain
  18	4100	0.8	0.8	28388	low gain
  19	1000	77.2	77.2	 395	unbonded
  20	4100	1.3	1.3	17242	low gain
  21	4100	0.9	0.9	23366	low gain
  22	4100	1.2	1.2	19585	low gain
  23	4100	1.2	1.2	21288	low gain
  24	4100	1.0	1.0	21584	low gain
  25	4100	1.6	1.6	15130	low gain
  26	4100	1.2	1.2	19270	low gain
  27	1000	76.7	76.7	 377	unbonded
  28	4100	1.6	1.6	15071	low gain
  29	4100	0.9	0.9	25224	low gain
  30	4100	1.1	1.1	20050	low gain
  31	4100	1.1	1.1	21076	low gain
  32	4100	1.3	1.3	16896	low gain
  33	4100	1.2	1.2	20260	low gain
  34	4100	1.3	1.3	18275	low gain
  35	1000	77.3	77.3	 385	unbonded
  36	4100	1.5	1.5	13655	low gain
  37	4100	1.2	1.2	20024	low gain
  38	4100	1.3	1.3	16417	low gain
  39	4100	1.2	1.2	20201	low gain
  40	4100	1.0	1.0	23108	low gain
  41	4100	1.1	1.1	20117	low gain
  42	4100	1.3	1.3	18198	low gain
  43	1000	77.2	77.2	 394	unbonded
  44	4100	1.6	1.6	13442	low gain
  45	4100	1.4	1.4	16877	low gain
  46	4100	1.1	1.1	20183	low gain
  47	4100	1.1	1.1	21900	low gain
  48	4100	0.8	0.8	30042	low gain
  49	4100	1.2	1.2	20641	low gain
  50	4100	1.6	1.6	15693	low gain
  51	1000	77.3	77.3	 402	unbonded
  52	4100	1.7	1.7	13185	low gain
  53	4100	1.4	1.4	15186	low gain
  54	4100	1.1	1.1	19586	low gain
  55	4100	1.4	1.4	17515	low gain
  56	4100	1.1	1.1	21697	low gain
  57	4100	1.4	1.4	18549	low gain
  58	4100	1.6	1.6	14480	low gain
  59	1000	79.8	79.8	 401	unbonded
  60	4100	1.8	1.8	13188	low gain
  61	4100	1.1	1.1	23236	low gain
  62	4100	1.4	1.4	16099	low gain
  63	4100	1.4	1.4	16064	low gain
  64	4100	0.9	0.9	25589	low gain
  65	4100	1.4	1.4	16596	low gain
  66	4100	1.4	1.4	17896	low gain
  67	1000	75.7	75.7	 372	unbonded
  68	4100	1.7	1.7	14217	low gain
  69	4100	1.1	1.1	21556	low gain
  70	4100	1.2	1.2	19595	low gain
  71	4100	1.2	1.2	19117	low gain
  72	4100	1.3	1.3	18649	low gain
  73	4104	1.5	1.5	13843	low gain
  74	4100	1.4	1.4	16464	low gain
  75	1000	78.7	78.7	 393	unbonded
  76	4100	1.5	1.5	13740	low gain
  77	4100	1.6	1.6	15485	low gain
  78	4100	1.1	1.1	19646	low gain
  79	4100	1.3	1.3	17702	low gain
  80	4100	0.8	0.8	30381	low gain
  81	4100	1.2	1.2	19489	low gain
  82	4100	1.3	1.3	17580	low gain
  83	1000	79.0	79.0	 391	unbonded
  84	4100	1.6	1.6	13245	low gain
  85	4100	1.2	1.2	19680	low gain
  86	4100	1.5	1.5	15482	low gain
  87	4100	1.4	1.4	14675	low gain
  88	4100	1.2	1.2	20243	low gain
  89	4100	1.5	1.5	15800	low gain
  90	4100	1.1	1.1	22072	low gain
  91	1000	78.1	78.1	 383	unbonded
  92	4100	1.4	1.4	17266	low gain
  93	4100	1.7	1.7	14985	low gain
  94	4100	1.5	1.5	15663	low gain
  95	4100	0.9	0.9	27749	low gain
  96	4100	1.0	1.0	21024	low gain
  97	4100	1.4	1.4	17506	low gain
  98	4100	1.4	1.4	16109	low gain
  99	1000	80.0	80.0	 381	unbonded
 100	4100	1.5	1.5	15166	low gain
 101	4100	1.3	1.3	18800	low gain
 102	4100	1.6	1.6	15332	low gain
 103	4100	1.7	1.7	15780	low gain
 104	4100	1.4	1.4	16659	low gain
 105	4100	1.2	1.2	19997	low gain
 106	4100	1.6	1.6	15108	low gain
 107	1000	77.3	77.3	 390	unbonded
 108	4100	1.5	1.5	16194	low gain
 109	4100	1.1	1.1	20375	low gain
 110	4100	1.8	1.8	12114	low gain
 111	4100	1.4	1.4	17555	low gain
 112	4100	1.5	1.5	16305	low gain
 113	4100	1.7	1.7	14248	low gain
 114	4100	1.4	1.4	15882	low gain
 115	1000	76.4	76.4	 385	unbonded
 116	4100	1.5	1.5	15236	low gain
 117	4100	1.1	1.1	22365	low gain
 118	4100	1.8	1.8	13066	low gain
 119	4100	1.1	1.1	22285	low gain
 120	4100	1.0	1.0	21935	low gain
 121	4100	1.2	1.2	20184	low gain
 122	4100	1.1	1.1	19773	low gain
 123	4000	78.6	78.6	 677	high noise
 124	4100	1.6	1.6	14320	low gain
 125	4100	1.4	1.4	16728	low gain
 126	4100	1.6	1.6	16108	low gain
 127	4100	1.5	1.5	15891	low gain
 128	1000	0.0	0.0	   0	unbonded
 129	4000	1.0	1.0	24881	high noise
 130	4000	1.2	1.2	19140	high noise
 131	4000	1.0	1.0	22938	high noise
 132	4000	1.0	1.0	23499	high noise
 133	4000	1.0	1.0	22034	high noise
 134	4000	1.4	1.4	16150	high noise
 135	4000	1.2	1.2	19107	high noise
 136	4000	1.8	1.8	12750	high noise
 137	4000	1.7	1.7	14981	high noise
 138	4000	1.0	1.0	22486	high noise
 139	4000	1.2	1.2	17249	high noise
 140	4000	1.2	1.2	19880	high noise
 141	4000	1.2	1.2	18779	high noise
 142	4000	1.5	1.5	15059	high noise
 143	4000	1.1	1.1	20982	high noise
 144	4000	1.0	1.0	21739	high noise
 145	4000	1.6	1.6	14554	high noise
 146	4000	1.3	1.3	18752	high noise
 147	4000	1.3	1.3	17302	high noise
 148	4000	1.6	1.6	14383	high noise
 149	4000	1.9	1.9	11734	high noise
 150	4000	1.1	1.1	21201	high noise
 151	4000	1.2	1.2	19138	high noise
 152	4000	1.5	1.5	15087	high noise
 153	4000	1.0	1.0	23995	high noise
 154	4000	1.3	1.3	17730	high noise
 155	4000	1.3	1.3	17499	high noise
 156	4000	0.8	0.8	26595	high noise
 157	4000	1.4	1.4	14999	high noise
 158	4000	1.4	1.4	16256	high noise
 159	4000	1.2	1.2	19148	high noise
 160	4000	1.3	1.3	17008	high noise
 161	4000	1.3	1.3	17074	high noise
 162	4000	1.2	1.2	18939	high noise
 163	4000	1.3	1.3	18239	high noise
 164	4000	1.4	1.4	16584	high noise
 165	4000	0.8	0.8	28805	high noise
 166	4000	0.7	0.7	33290	high noise
 167	4000	1.1	1.1	21067	high noise
 168	4000	1.2	1.2	18652	high noise
 169	4000	1.5	1.5	14422	high noise
 170	4000	1.5	1.5	15582	high noise
 171	4000	1.1	1.1	21780	high noise
 172	4000	1.4	1.4	15436	high noise
 173	4000	1.2	1.2	19967	high noise
 174	4000	1.2	1.2	18598	high noise
 175	4000	1.4	1.4	16067	high noise
 176	4000	1.5	1.5	14742	high noise
 177	4000	1.2	1.2	17894	high noise
 178	4000	1.3	1.3	16788	high noise
 179	4000	1.3	1.3	18501	high noise
 180	4000	1.3	1.3	17596	high noise
 181	4000	1.0	1.0	25016	high noise
 182	4000	1.2	1.2	20773	high noise
 183	4000	1.4	1.4	16243	high noise
 184	4000	1.4	1.4	18121	high noise
 185	4000	1.3	1.3	17461	high noise
 186	4000	1.0	1.0	24620	high noise
 187	4000	0.8	0.8	29622	high noise
 188	4000	1.5	1.5	16315	high noise
 189	4000	1.4	1.4	17866	high noise
 190	4000	0.9	0.9	27848	high noise
 191	4000	1.5	1.5	15562	high noise
 192	4000	1.8	1.8	14118	high noise
 193	4000	1.9	1.9	12743	high noise
 194	4000	1.4	1.4	16624	high noise
 195	4000	1.5	1.5	14526	high noise
 196	4000	1.3	1.3	16996	high noise
 197	4000	1.3	1.3	17861	high noise
 198	4000	1.4	1.4	15999	high noise
 199	4000	1.2	1.2	19395	high noise
 200	4000	1.1	1.1	20498	high noise
 201	4000	1.2	1.2	20790	high noise
 202	4000	1.5	1.5	15544	high noise
 203	4000	0.8	0.8	26795	high noise
 204	4000	1.5	1.5	15639	high noise
 205	4000	1.6	1.6	14872	high noise
 206	4000	1.2	1.2	19265	high noise
 207	4000	1.5	1.5	16813	high noise
 208	4000	1.4	1.4	15656	high noise
 209	4000	1.0	1.0	24286	high noise
 210	4000	1.4	1.4	16893	high noise
 211	4000	1.1	1.1	22274	high noise
 212	4000	0.9	0.9	24040	high noise
 213	4000	1.1	1.1	21653	high noise
 214	4000	1.2	1.2	17946	high noise
 215	4000	1.5	1.5	16328	high noise
 216	4000	0.7	0.7	31906	high noise
 217	4000	1.3	1.3	19038	high noise
 218	4000	1.3	1.3	19383	high noise
 219	4000	1.6	1.6	14773	high noise
 220	4000	1.5	1.5	14230	high noise
 221	4000	1.5	1.5	16598	high noise
 222	4000	1.4	1.4	17914	high noise
 223	4000	1.2	1.2	20200	high noise
 224	4000	1.2	1.2	20144	high noise
 225	4000	1.3	1.3	17897	high noise
 226	4000	1.6	1.6	15045	high noise
 227	4000	1.0	1.0	20527	high noise
 228	4000	1.0	1.0	24091	high noise
 229	4000	1.7	1.7	13311	high noise
 230	4000	1.3	1.3	17631	high noise
 231	4000	1.0	1.0	21318	high noise
 232	4000	1.4	1.4	15628	high noise
 233	4000	1.5	1.5	15942	high noise
 234	4000	1.3	1.3	16870	high noise
 235	4000	1.5	1.5	16253	high noise
 236	4000	1.2	1.2	19620	high noise
 237	4000	1.7	1.7	12961	high noise
 238	4000	1.2	1.2	18211	high noise
 239	4000	1.5	1.5	15483	high noise
 240	4000	1.1	1.1	19166	high noise
 241	4000	1.0	1.0	23695	high noise
 242	4000	1.4	1.4	16795	high noise
 243	4000	1.5	1.5	14816	high noise
 244	4000	1.0	1.0	22055	high noise
 245	4000	1.5	1.5	16479	high noise
 246	4000	1.4	1.4	16425	high noise
 247	4000	1.4	1.4	16782	high noise
 248	4000	1.3	1.3	17423	high noise
 249	4000	1.4	1.4	17236	high noise
 250	4000	1.6	1.6	14565	high noise
 251	4000	1.4	1.4	18579	high noise
 252	4000	1.4	1.4	16852	high noise
 253	4000	1.0	1.0	25111	high noise
 254	4000	1.5	1.5	15944	high noise
 255	4000	1.2	1.2	20590	high noise
