#chan	code	gain	offset	innse	comment
   0	1100	0.0	0.0	   0	low gain
   1	4100	1.2	1.2	20512	low gain
   2	4100	1.2	1.2	19517	low gain
   3	4100	1.2	1.2	19848	low gain
   4	4100	1.4	1.4	16397	low gain
   5	4000	69.6	69.6	 589	high noise
   6	4104	1.1	1.1	21006	low gain
   7	4100	1.1	1.1	20238	low gain
   8	4100	1.2	1.2	20874	low gain
   9	4100	1.0	1.0	24727	low gain
  10	4100	1.0	1.0	23089	low gain
  11	4100	0.9	0.9	26129	low gain
  12	4100	1.3	1.3	18175	low gain
  13	1000	64.9	64.9	 414	unbonded
  14	4100	1.6	1.6	15983	low gain
  15	4100	1.1	1.1	22083	low gain
  16	4100	0.7	0.7	34979	low gain
  17	4100	1.1	1.1	21789	low gain
  18	4100	0.9	0.9	24836	low gain
  19	4100	1.6	1.6	14313	low gain
  20	4100	1.3	1.3	16819	low gain
  21	1000	64.3	64.3	 491	unbonded
  22	4100	1.5	1.5	16201	low gain
  23	4100	1.3	1.3	19039	low gain
  24	4100	0.7	0.7	33055	low gain
  25	4100	0.9	0.9	25521	low gain
  26	4100	1.0	1.0	22865	low gain
  27	4100	1.3	1.3	19070	low gain
  28	4100	1.3	1.3	17484	low gain
  29	1000	64.7	64.7	 477	unbonded
  30	4100	1.2	1.2	18998	low gain
  31	4100	0.5	0.5	47513	low gain
  32	4100	1.5	1.5	15746	low gain
  33	4100	1.0	1.0	22253	low gain
  34	4100	1.4	1.4	15283	low gain
  35	4100	1.2	1.2	22789	low gain
  36	4100	0.7	0.7	32971	low gain
  37	1000	63.6	63.6	 449	unbonded
  38	4100	1.4	1.4	17264	low gain
  39	4100	0.9	0.9	25523	low gain
  40	4100	1.0	1.0	23902	low gain
  41	4100	1.0	1.0	23295	low gain
  42	4100	1.1	1.1	21620	low gain
  43	4100	1.0	1.0	22587	low gain
  44	4100	0.9	0.9	23894	low gain
  45	1000	66.3	66.3	 440	unbonded
  46	4100	1.1	1.1	20877	low gain
  47	4100	1.4	1.4	16641	low gain
  48	4100	1.0	1.0	24411	low gain
  49	4100	1.0	1.0	23860	low gain
  50	4100	1.0	1.0	21866	low gain
  51	4100	0.8	0.8	30782	low gain
  52	4100	1.0	1.0	22702	low gain
  53	1000	64.6	64.6	 457	unbonded
  54	4100	1.3	1.3	17624	low gain
  55	4100	1.0	1.0	24998	low gain
  56	4100	0.8	0.8	30629	low gain
  57	4100	1.1	1.1	21431	low gain
  58	4100	1.0	1.0	23780	low gain
  59	4100	1.1	1.1	23084	low gain
  60	4100	1.2	1.2	20459	low gain
  61	1000	64.5	64.5	 483	unbonded
  62	4100	1.5	1.5	15741	low gain
  63	4100	1.1	1.1	22887	low gain
  64	4100	1.2	1.2	19592	low gain
  65	4100	1.0	1.0	21749	low gain
  66	4100	1.7	1.7	13740	low gain
  67	4100	1.0	1.0	23563	low gain
  68	4100	1.1	1.1	22428	low gain
  69	1000	65.9	65.9	 462	unbonded
  70	4100	1.6	1.6	15038	low gain
  71	4100	0.7	0.7	34605	low gain
  72	4100	1.3	1.3	18010	low gain
  73	4104	1.0	1.0	23445	low gain
  74	4100	0.7	0.7	33562	low gain
  75	4100	0.9	0.9	26108	low gain
  76	4100	1.1	1.1	19953	low gain
  77	1000	65.6	65.6	 456	unbonded
  78	4100	1.2	1.2	21091	low gain
  79	4100	1.0	1.0	25068	low gain
  80	4100	1.0	1.0	24872	low gain
  81	4100	1.2	1.2	21108	low gain
  82	4100	1.0	1.0	22650	low gain
  83	4100	0.9	0.9	27282	low gain
  84	4100	0.9	0.9	25557	low gain
  85	1000	64.6	64.6	 442	unbonded
  86	4100	1.5	1.5	15061	low gain
  87	4100	1.3	1.3	18149	low gain
  88	4100	0.8	0.8	32689	low gain
  89	4100	0.8	0.8	27091	low gain
  90	4100	0.8	0.8	30833	low gain
  91	4100	0.8	0.8	29520	low gain
  92	4100	1.2	1.2	20610	low gain
  93	1000	66.5	66.5	 447	unbonded
  94	4100	1.7	1.7	14199	low gain
  95	4100	0.9	0.9	27279	low gain
  96	4100	0.6	0.6	37568	low gain
  97	4100	1.2	1.2	19699	low gain
  98	4100	1.2	1.2	17076	low gain
  99	4100	1.1	1.1	21906	low gain
 100	4100	1.0	1.0	21548	low gain
 101	1000	67.0	67.0	 465	unbonded
 102	4100	1.4	1.4	16372	low gain
 103	4100	0.3	0.3	71600	low gain
 104	4100	1.3	1.3	17534	low gain
 105	4100	1.4	1.4	17459	low gain
 106	4100	1.0	1.0	23698	low gain
 107	4100	0.9	0.9	26552	low gain
 108	4100	0.6	0.6	35204	low gain
 109	1000	65.1	65.1	 461	unbonded
 110	4100	1.5	1.5	16638	low gain
 111	4100	1.3	1.3	18718	low gain
 112	4100	1.4	1.4	16644	low gain
 113	4100	0.9	0.9	27618	low gain
 114	4100	1.2	1.2	19768	low gain
 115	4100	1.2	1.2	18309	low gain
 116	4100	0.8	0.8	28260	low gain
 117	1000	66.8	66.8	 461	unbonded
 118	4100	1.5	1.5	15557	low gain
 119	4100	1.5	1.5	15123	low gain
 120	4100	1.1	1.1	22278	low gain
 121	4100	1.6	1.6	14984	low gain
 122	4100	0.8	0.8	29183	low gain
 123	4100	0.8	0.8	42558	low gain
 124	4100	1.1	1.1	20179	low gain
 125	1000	67.4	67.4	 431	unbonded
 126	4100	1.7	1.7	14599	low gain
 127	4100	1.3	1.3	19367	low gain
 128	1000	0.0	0.0	   0	unbonded
 129	4000	1.4	1.4	16379	high noise
 130	4000	1.3	1.3	18875	high noise
 131	4000	1.0	1.0	23677	high noise
 132	4000	1.1	1.1	20920	high noise
 133	4000	0.7	0.7	33428	high noise
 134	4000	0.9	0.9	24178	high noise
 135	4000	0.8	0.8	29851	high noise
 136	4000	1.1	1.1	23462	high noise
 137	4000	1.5	1.5	15241	high noise
 138	4000	0.9	0.9	25754	high noise
 139	4000	0.8	0.8	28706	high noise
 140	4000	1.1	1.1	21326	high noise
 141	4000	0.6	0.6	38365	high noise
 142	4000	1.3	1.3	17733	high noise
 143	4000	0.8	0.8	29724	high noise
 144	4000	0.9	0.9	27039	high noise
 145	4000	0.8	0.8	29137	high noise
 146	4000	1.1	1.1	23222	high noise
 147	4000	1.2	1.2	18762	high noise
 148	4000	0.9	0.9	27951	high noise
 149	4000	1.0	1.0	24281	high noise
 150	4000	0.9	0.9	25342	high noise
 151	4000	1.0	1.0	20018	high noise
 152	4000	1.5	1.5	15166	high noise
 153	4000	0.7	0.7	34342	high noise
 154	4000	1.1	1.1	20872	high noise
 155	4000	1.4	1.4	17146	high noise
 156	4000	1.0	1.0	22171	high noise
 157	4000	1.3	1.3	17783	high noise
 158	4000	1.1	1.1	20854	high noise
 159	4000	0.8	0.8	25991	high noise
 160	4000	1.5	1.5	16124	high noise
 161	4000	0.8	0.8	27549	high noise
 162	4000	1.1	1.1	20720	high noise
 163	4000	0.9	0.9	23214	high noise
 164	4000	1.1	1.1	23169	high noise
 165	4000	0.9	0.9	23458	high noise
 166	4000	1.4	1.4	17124	high noise
 167	4000	1.1	1.1	21562	high noise
 168	4000	1.3	1.3	17553	high noise
 169	4000	0.8	0.8	25193	high noise
 170	4000	0.8	0.8	30716	high noise
 171	4000	1.0	1.0	22658	high noise
 172	4000	0.9	0.9	25066	high noise
 173	4000	1.1	1.1	22172	high noise
 174	4000	1.3	1.3	18226	high noise
 175	4000	1.2	1.2	20823	high noise
 176	4000	1.5	1.5	15006	high noise
 177	4000	1.2	1.2	19153	high noise
 178	4000	1.4	1.4	17163	high noise
 179	4000	1.2	1.2	17921	high noise
 180	4000	1.3	1.3	17843	high noise
 181	4000	1.1	1.1	21222	high noise
 182	4000	1.1	1.1	22005	high noise
 183	4000	1.1	1.1	20132	high noise
 184	4000	1.1	1.1	22122	high noise
 185	4000	1.2	1.2	20644	high noise
 186	4000	1.2	1.2	20668	high noise
 187	4000	1.3	1.3	18983	high noise
 188	4000	1.1	1.1	19874	high noise
 189	4000	0.9	0.9	30184	high noise
 190	4000	0.7	0.7	31360	high noise
 191	4000	0.8	0.8	30201	high noise
 192	4000	1.3	1.3	19587	high noise
 193	4000	0.7	0.7	36681	high noise
 194	4000	1.3	1.3	19075	high noise
 195	4000	1.0	1.0	22658	high noise
 196	4000	1.3	1.3	17217	high noise
 197	4000	1.2	1.2	19773	high noise
 198	4000	1.0	1.0	22827	high noise
 199	4000	1.3	1.3	16763	high noise
 200	4000	1.1	1.1	20293	high noise
 201	4000	1.4	1.4	16628	high noise
 202	4000	1.2	1.2	17848	high noise
 203	4000	0.7	0.7	30506	high noise
 204	4000	1.6	1.6	13804	high noise
 205	4000	1.0	1.0	22648	high noise
 206	4000	1.8	1.8	13820	high noise
 207	4000	1.1	1.1	19508	high noise
 208	4000	0.8	0.8	30190	high noise
 209	4000	0.8	0.8	26122	high noise
 210	4000	1.1	1.1	23567	high noise
 211	4000	1.0	1.0	23808	high noise
 212	4000	1.0	1.0	23431	high noise
 213	4000	0.8	0.8	32606	high noise
 214	4000	1.2	1.2	18964	high noise
 215	4000	1.3	1.3	19316	high noise
 216	4000	0.9	0.9	24169	high noise
 217	4000	0.8	0.8	27214	high noise
 218	4000	0.8	0.8	29571	high noise
 219	4000	1.1	1.1	22414	high noise
 220	4000	1.0	1.0	22947	high noise
 221	4000	1.5	1.5	15151	high noise
 222	4000	0.9	0.9	24120	high noise
 223	4000	1.5	1.5	16687	high noise
 224	4000	0.7	0.7	33762	high noise
 225	4000	0.8	0.8	31674	high noise
 226	4000	0.6	0.6	37663	high noise
 227	4000	1.3	1.3	17982	high noise
 228	4000	0.8	0.8	30077	high noise
 229	4000	1.4	1.4	17333	high noise
 230	4000	1.4	1.4	17446	high noise
 231	4000	0.7	0.7	30486	high noise
 232	4000	0.8	0.8	27611	high noise
 233	4000	1.3	1.3	18241	high noise
 234	4000	1.1	1.1	21419	high noise
 235	4000	1.3	1.3	17457	high noise
 236	4000	0.7	0.7	33602	high noise
 237	4000	1.3	1.3	17117	high noise
 238	4000	0.8	0.8	26682	high noise
 239	4000	0.6	0.6	38545	high noise
 240	4000	1.2	1.2	18481	high noise
 241	4000	0.7	0.7	35004	high noise
 242	4000	1.0	1.0	24639	high noise
 243	4000	0.9	0.9	26299	high noise
 244	4000	1.0	1.0	21535	high noise
 245	4000	1.2	1.2	18354	high noise
 246	4000	1.6	1.6	14861	high noise
 247	4000	1.3	1.3	19169	high noise
 248	4000	1.1	1.1	21686	high noise
 249	4000	0.8	0.8	30643	high noise
 250	4000	1.3	1.3	17886	high noise
 251	4000	1.7	1.7	14217	high noise
 252	4000	1.4	1.4	17660	high noise
 253	4000	1.2	1.2	20292	high noise
 254	4000	1.2	1.2	18086	high noise
 255	4000	0.9	0.9	25558	high noise
