#chan	code	gain	offset	innse	comment
   0	1100	0.0	0.0	   0	low gain
   1	4100	1.3	1.3	18041	low gain
   2	4100	0.7	0.7	34720	low gain
   3	4100	1.3	1.3	18373	low gain
   4	4100	1.2	1.2	19330	low gain
   5	1000	71.6	71.6	 531	unbonded
   6	4104	1.3	1.3	16751	low gain
   7	4100	1.1	1.1	21956	low gain
   8	4100	1.1	1.1	21230	low gain
   9	4100	1.5	1.5	16013	low gain
  10	4100	0.9	0.9	26410	low gain
  11	4100	1.1	1.1	21425	low gain
  12	4100	0.7	0.7	37142	low gain
  13	1000	66.2	66.2	 430	unbonded
  14	4100	1.1	1.1	22335	low gain
  15	4100	1.2	1.2	18837	low gain
  16	4100	1.1	1.1	19598	low gain
  17	4100	1.2	1.2	20521	low gain
  18	4100	1.2	1.2	19387	low gain
  19	4100	1.0	1.0	22068	low gain
  20	4100	1.1	1.1	19510	low gain
  21	1000	65.0	65.0	 437	unbonded
  22	4100	1.5	1.5	16692	low gain
  23	4100	1.0	1.0	23047	low gain
  24	4100	1.0	1.0	22405	low gain
  25	4100	1.3	1.3	17621	low gain
  26	4100	1.0	1.0	23324	low gain
  27	4100	1.5	1.5	15020	low gain
  28	4100	1.5	1.5	13940	low gain
  29	1000	66.6	66.6	 437	unbonded
  30	4100	1.2	1.2	18921	low gain
  31	4100	1.0	1.0	22269	low gain
  32	4100	0.8	0.8	30037	low gain
  33	4100	1.2	1.2	20482	low gain
  34	4100	0.8	0.8	30318	low gain
  35	4100	1.2	1.2	19528	low gain
  36	4100	0.7	0.7	30929	low gain
  37	1000	64.7	64.7	 442	unbonded
  38	4100	1.4	1.4	15606	low gain
  39	4100	1.2	1.2	18451	low gain
  40	4100	1.2	1.2	20860	low gain
  41	4100	1.5	1.5	16485	low gain
  42	4100	1.1	1.1	19861	low gain
  43	4100	1.1	1.1	20541	low gain
  44	4100	0.9	0.9	25853	low gain
  45	1000	67.6	67.6	 438	unbonded
  46	4100	1.1	1.1	20477	low gain
  47	4100	1.0	1.0	23188	low gain
  48	4100	0.9	0.9	22268	low gain
  49	4100	1.0	1.0	24078	low gain
  50	4100	1.0	1.0	23275	low gain
  51	4100	1.5	1.5	17115	low gain
  52	4100	1.3	1.3	15173	low gain
  53	1000	66.2	66.2	 460	unbonded
  54	4100	1.2	1.2	18698	low gain
  55	4100	1.4	1.4	16549	low gain
  56	4100	0.8	0.8	31763	low gain
  57	4100	0.9	0.9	23995	low gain
  58	4100	1.2	1.2	18796	low gain
  59	4100	1.0	1.0	24749	low gain
  60	4100	1.4	1.4	16692	low gain
  61	1000	66.5	66.5	 456	unbonded
  62	4100	1.5	1.5	15305	low gain
  63	4100	1.6	1.6	15568	low gain
  64	4100	1.3	1.3	18081	low gain
  65	4100	1.4	1.4	17419	low gain
  66	4100	1.2	1.2	20661	low gain
  67	4100	0.9	0.9	25477	low gain
  68	4100	1.2	1.2	19450	low gain
  69	1000	68.1	68.1	 433	unbonded
  70	4100	1.4	1.4	17300	low gain
  71	4100	1.1	1.1	21946	low gain
  72	4100	1.3	1.3	18885	low gain
  73	4104	1.1	1.1	18759	low gain
  74	4100	1.3	1.3	17438	low gain
  75	4100	1.2	1.2	20077	low gain
  76	4100	1.4	1.4	15548	low gain
  77	1000	66.5	66.5	 437	unbonded
  78	4100	1.3	1.3	18402	low gain
  79	4100	1.3	1.3	18539	low gain
  80	4100	0.7	0.7	32095	low gain
  81	4100	0.9	0.9	27628	low gain
  82	4100	0.9	0.9	23962	low gain
  83	4100	1.2	1.2	20696	low gain
  84	4100	1.4	1.4	17633	low gain
  85	1000	66.3	66.3	 459	unbonded
  86	4100	1.4	1.4	15272	low gain
  87	4100	1.1	1.1	22221	low gain
  88	4100	1.3	1.3	18674	low gain
  89	4100	0.8	0.8	28825	low gain
  90	4100	1.4	1.4	18191	low gain
  91	4100	1.0	1.0	24032	low gain
  92	4100	0.9	0.9	26675	low gain
  93	1000	68.1	68.1	 433	unbonded
  94	4100	1.5	1.5	15969	low gain
  95	4100	0.9	0.9	26734	low gain
  96	4100	1.2	1.2	20452	low gain
  97	4100	0.9	0.9	28826	low gain
  98	4100	0.6	0.6	39117	low gain
  99	4100	1.7	1.7	14566	low gain
 100	4100	1.0	1.0	23290	low gain
 101	1000	68.5	68.5	 445	unbonded
 102	4100	1.4	1.4	17240	low gain
 103	4100	0.9	0.9	26535	low gain
 104	4100	1.0	1.0	23657	low gain
 105	4100	0.8	0.8	28538	low gain
 106	4100	1.0	1.0	23677	low gain
 107	4100	1.1	1.1	21522	low gain
 108	4100	1.0	1.0	26113	low gain
 109	1000	67.0	67.0	 426	unbonded
 110	4100	1.3	1.3	16493	low gain
 111	4100	1.1	1.1	22064	low gain
 112	4100	1.1	1.1	22687	low gain
 113	4100	1.3	1.3	18856	low gain
 114	4100	1.3	1.3	17916	low gain
 115	4100	0.8	0.8	24781	low gain
 116	4100	1.1	1.1	19608	low gain
 117	1000	68.1	68.1	 431	unbonded
 118	4100	1.5	1.5	15733	low gain
 119	4100	1.0	1.0	24649	low gain
 120	4100	1.3	1.3	19020	low gain
 121	4100	1.5	1.5	17090	low gain
 122	4100	1.0	1.0	25014	low gain
 123	4100	1.6	1.6	21056	low gain
 124	4100	1.2	1.2	18385	low gain
 125	1000	69.2	69.2	 417	unbonded
 126	4100	1.6	1.6	15558	low gain
 127	4100	1.4	1.4	16585	low gain
 128	1000	0.0	0.0	   0	unbonded
 129	4000	1.5	1.5	15919	high noise
 130	4000	1.1	1.1	21385	high noise
 131	4000	1.0	1.0	23499	high noise
 132	4000	1.1	1.1	21287	high noise
 133	4000	0.8	0.8	28507	high noise
 134	4000	1.0	1.0	23313	high noise
 135	4000	1.0	1.0	22685	high noise
 136	4000	0.8	0.8	31410	high noise
 137	4000	1.1	1.1	21583	high noise
 138	4000	1.3	1.3	18451	high noise
 139	4000	1.6	1.6	15171	high noise
 140	4000	1.3	1.3	18382	high noise
 141	4000	0.9	0.9	26391	high noise
 142	4000	0.9	0.9	27119	high noise
 143	4000	1.1	1.1	19022	high noise
 144	4000	1.3	1.3	17730	high noise
 145	4000	0.9	0.9	28084	high noise
 146	4000	1.2	1.2	20167	high noise
 147	4000	1.7	1.7	13305	high noise
 148	4000	1.8	1.8	12854	high noise
 149	4000	1.1	1.1	18999	high noise
 150	4000	1.4	1.4	16368	high noise
 151	4000	1.2	1.2	19388	high noise
 152	4000	1.4	1.4	17338	high noise
 153	4000	1.1	1.1	22796	high noise
 154	4000	0.9	0.9	25661	high noise
 155	4000	1.3	1.3	18484	high noise
 156	4000	1.4	1.4	16852	high noise
 157	4000	1.0	1.0	22474	high noise
 158	4000	1.0	1.0	24088	high noise
 159	4000	1.0	1.0	23045	high noise
 160	4000	0.9	0.9	26445	high noise
 161	4000	1.2	1.2	18704	high noise
 162	4000	1.2	1.2	18588	high noise
 163	4000	0.7	0.7	32713	high noise
 164	4000	1.1	1.1	21151	high noise
 165	4000	1.1	1.1	21116	high noise
 166	4000	0.8	0.8	26805	high noise
 167	4000	1.1	1.1	22193	high noise
 168	4000	1.0	1.0	22969	high noise
 169	4000	1.2	1.2	18764	high noise
 170	4000	1.4	1.4	16431	high noise
 171	4000	1.0	1.0	22957	high noise
 172	4000	1.0	1.0	22310	high noise
 173	4000	0.8	0.8	27857	high noise
 174	4000	1.1	1.1	19708	high noise
 175	4000	1.6	1.6	14036	high noise
 176	4000	1.1	1.1	21677	high noise
 177	4000	0.9	0.9	26200	high noise
 178	4000	1.1	1.1	22465	high noise
 179	4000	1.1	1.1	22539	high noise
 180	4000	1.2	1.2	18284	high noise
 181	4000	0.9	0.9	25788	high noise
 182	4000	0.8	0.8	30433	high noise
 183	4000	1.0	1.0	24456	high noise
 184	4000	1.1	1.1	21185	high noise
 185	4000	1.3	1.3	17238	high noise
 186	4000	0.8	0.8	30590	high noise
 187	4000	1.1	1.1	21316	high noise
 188	4000	1.1	1.1	20783	high noise
 189	4000	1.5	1.5	16281	high noise
 190	4000	1.1	1.1	21783	high noise
 191	4000	1.3	1.3	18393	high noise
 192	4000	1.5	1.5	16510	high noise
 193	4000	1.1	1.1	20691	high noise
 194	4000	1.0	1.0	23691	high noise
 195	4000	1.1	1.1	21006	high noise
 196	4000	1.2	1.2	16330	high noise
 197	4000	0.8	0.8	27417	high noise
 198	4000	1.5	1.5	15967	high noise
 199	4000	1.5	1.5	16817	high noise
 200	4000	1.0	1.0	23415	high noise
 201	4000	1.0	1.0	23274	high noise
 202	4000	1.3	1.3	17454	high noise
 203	4000	0.9	0.9	26018	high noise
 204	4000	1.6	1.6	14913	high noise
 205	4000	1.4	1.4	17683	high noise
 206	4000	1.0	1.0	23399	high noise
 207	4000	0.8	0.8	29335	high noise
 208	4000	1.4	1.4	15015	high noise
 209	4000	1.1	1.1	19820	high noise
 210	4000	1.5	1.5	15952	high noise
 211	4000	1.0	1.0	24873	high noise
 212	4000	1.2	1.2	19217	high noise
 213	4000	1.3	1.3	18596	high noise
 214	4000	1.3	1.3	18383	high noise
 215	4000	1.1	1.1	23700	high noise
 216	4000	1.2	1.2	19108	high noise
 217	4000	1.1	1.1	20396	high noise
 218	4000	1.1	1.1	22636	high noise
 219	4000	1.7	1.7	13720	high noise
 220	4000	0.9	0.9	26294	high noise
 221	4000	1.1	1.1	19869	high noise
 222	4000	0.9	0.9	24975	high noise
 223	4000	0.9	0.9	26755	high noise
 224	4000	1.4	1.4	18927	high noise
 225	4000	0.9	0.9	23559	high noise
 226	4000	1.2	1.2	20464	high noise
 227	4000	0.9	0.9	25134	high noise
 228	4000	1.6	1.6	15138	high noise
 229	4000	1.6	1.6	15235	high noise
 230	4000	1.4	1.4	16401	high noise
 231	4000	1.1	1.1	20152	high noise
 232	4000	0.8	0.8	31118	high noise
 233	4000	1.2	1.2	18532	high noise
 234	4000	1.2	1.2	18379	high noise
 235	4000	1.3	1.3	17926	high noise
 236	4000	1.1	1.1	20650	high noise
 237	4000	1.1	1.1	20022	high noise
 238	4000	1.1	1.1	20528	high noise
 239	4000	1.2	1.2	21025	high noise
 240	4000	1.0	1.0	23789	high noise
 241	4000	0.8	0.8	27665	high noise
 242	4000	1.2	1.2	20184	high noise
 243	4000	0.8	0.8	30512	high noise
 244	4000	1.0	1.0	22262	high noise
 245	4000	1.3	1.3	18934	high noise
 246	4000	1.3	1.3	18873	high noise
 247	4000	1.0	1.0	26352	high noise
 248	4000	1.2	1.2	19049	high noise
 249	4000	1.0	1.0	23057	high noise
 250	4000	1.1	1.1	21227	high noise
 251	4000	1.5	1.5	15556	high noise
 252	4000	1.6	1.6	14185	high noise
 253	4000	1.1	1.1	22083	high noise
 254	4000	1.2	1.2	19445	high noise
 255	4000	1.3	1.3	18062	high noise
