#chan	code	gain	offset	innse	comment
   0	1100	0.0	0.0	   0	low gain
   1	4100	0.6	0.6	39346	low gain
   2	4100	1.4	1.4	16791	low gain
   3	1000	72.2	72.2	 448	unbonded
   4	4100	1.0	1.0	23833	low gain
   5	4100	0.9	0.9	33517	low gain
   6	4104	0.3	0.3	66398	low gain
   7	4100	0.6	0.6	37029	low gain
   8	4100	1.0	1.0	23286	low gain
   9	4100	0.5	0.5	47308	low gain
  10	4100	0.8	0.8	29162	low gain
  11	1000	69.7	69.7	 452	unbonded
  12	4100	1.3	1.3	18839	low gain
  13	4100	0.4	0.4	61236	low gain
  14	4100	0.9	0.9	24582	low gain
  15	4100	0.9	0.9	27776	low gain
  16	4100	0.3	0.3	68781	low gain
  17	4100	1.0	1.0	24818	low gain
  18	4100	1.1	1.1	21601	low gain
  19	1000	70.2	70.2	 416	unbonded
  20	4100	1.4	1.4	17832	low gain
  21	4100	0.9	0.9	24303	low gain
  22	4100	1.0	1.0	24909	low gain
  23	4100	0.7	0.7	34573	low gain
  24	4100	1.1	1.1	22705	low gain
  25	4100	0.8	0.8	31008	low gain
  26	4100	1.0	1.0	24199	low gain
  27	1000	69.4	69.4	 436	unbonded
  28	4100	1.7	1.7	13037	low gain
  29	4100	0.9	0.9	28087	low gain
  30	4100	1.2	1.2	19868	low gain
  31	4100	1.0	1.0	24532	low gain
  32	4100	0.9	0.9	26350	low gain
  33	4100	0.4	0.4	52920	low gain
  34	4100	0.6	0.6	36255	low gain
  35	1000	69.2	69.2	 452	unbonded
  36	4100	1.4	1.4	16076	low gain
  37	4100	0.8	0.8	27584	low gain
  38	4100	1.2	1.2	18212	low gain
  39	4100	0.9	0.9	23702	low gain
  40	4100	0.9	0.9	26617	low gain
  41	4100	1.0	1.0	23468	low gain
  42	4100	1.1	1.1	20754	low gain
  43	1000	71.2	71.2	 452	unbonded
  44	4100	1.1	1.1	18922	low gain
  45	4100	1.2	1.2	18608	low gain
  46	4100	0.8	0.8	28103	low gain
  47	4100	1.1	1.1	21876	low gain
  48	4100	0.7	0.7	36809	low gain
  49	4100	1.2	1.2	18799	low gain
  50	4100	1.1	1.1	21753	low gain
  51	1000	71.5	71.5	 430	unbonded
  52	4100	1.1	1.1	20276	low gain
  53	4100	0.9	0.9	24865	low gain
  54	4100	1.0	1.0	20191	low gain
  55	4100	1.0	1.0	24166	low gain
  56	4100	0.8	0.8	32166	low gain
  57	4100	0.8	0.8	29549	low gain
  58	4100	0.7	0.7	35096	low gain
  59	1000	72.6	72.6	 446	unbonded
  60	4100	0.9	0.9	25105	low gain
  61	4100	0.9	0.9	27178	low gain
  62	4100	1.1	1.1	19135	low gain
  63	4100	1.1	1.1	20977	low gain
  64	4100	0.8	0.8	30934	low gain
  65	4100	0.6	0.6	37609	low gain
  66	4100	1.0	1.0	25589	low gain
  67	1000	69.7	69.7	 435	unbonded
  68	4100	1.0	1.0	24041	low gain
  69	4100	0.9	0.9	26675	low gain
  70	4100	1.1	1.1	21510	low gain
  71	4100	1.1	1.1	20999	low gain
  72	4100	1.2	1.2	19573	low gain
  73	4104	1.0	1.0	20346	low gain
  74	4100	1.1	1.1	20190	low gain
  75	1000	72.1	72.1	 437	unbonded
  76	4100	1.2	1.2	17425	low gain
  77	4100	1.2	1.2	20876	low gain
  78	4100	1.0	1.0	24360	low gain
  79	4100	0.3	0.3	81868	low gain
  80	4100	0.9	0.9	25412	low gain
  81	4100	0.7	0.7	37503	low gain
  82	4100	0.4	0.4	54531	low gain
  83	1000	71.4	71.4	 454	unbonded
  84	4100	1.0	1.0	23702	low gain
  85	4100	0.8	0.8	31363	low gain
  86	4100	0.9	0.9	25226	low gain
  87	4100	0.7	0.7	30033	low gain
  88	4100	0.7	0.7	34245	low gain
  89	4100	0.5	0.5	44254	low gain
  90	4100	1.1	1.1	20454	low gain
  91	1000	72.2	72.2	 412	unbonded
  92	4100	1.4	1.4	16919	low gain
  93	4100	1.3	1.3	16807	low gain
  94	4100	0.6	0.6	40149	low gain
  95	4100	0.7	0.7	31658	low gain
  96	4100	1.0	1.0	23745	low gain
  97	4100	0.9	0.9	26740	low gain
  98	4100	0.9	0.9	23747	low gain
  99	1000	70.9	70.9	 442	unbonded
 100	4100	1.3	1.3	17856	low gain
 101	4100	0.4	0.4	53488	low gain
 102	4100	0.7	0.7	35739	low gain
 103	4100	0.7	0.7	31463	low gain
 104	4100	1.0	1.0	23973	low gain
 105	4100	1.0	1.0	24027	low gain
 106	4100	1.0	1.0	26020	low gain
 107	1000	70.1	70.1	 434	unbonded
 108	4100	1.3	1.3	17753	low gain
 109	4100	0.8	0.8	28704	low gain
 110	4100	1.0	1.0	23435	low gain
 111	4100	1.0	1.0	24582	low gain
 112	4100	1.1	1.1	20943	low gain
 113	4100	0.9	0.9	27820	low gain
 114	4100	1.0	1.0	24258	low gain
 115	1000	69.0	69.0	 455	unbonded
 116	4100	1.2	1.2	21117	low gain
 117	4100	0.9	0.9	26678	low gain
 118	4100	1.0	1.0	23354	low gain
 119	4100	1.0	1.0	24028	low gain
 120	4100	1.1	1.1	21625	low gain
 121	4100	1.1	1.1	21779	low gain
 122	4100	0.6	0.6	36641	low gain
 123	4000	62.7	62.7	 733	high noise
 124	4100	1.3	1.3	18761	low gain
 125	4100	1.0	1.0	24236	low gain
 126	4100	1.2	1.2	21054	low gain
 127	4100	1.1	1.1	21252	low gain
 128	1000	0.0	0.0	   0	unbonded
 129	4000	1.2	1.2	19533	high noise
 130	4000	1.1	1.1	21994	high noise
 131	4000	0.4	0.4	55603	high noise
 132	4000	0.8	0.8	29888	high noise
 133	4000	0.7	0.7	33534	high noise
 134	4000	1.2	1.2	18562	high noise
 135	4000	1.0	1.0	21625	high noise
 136	4000	1.0	1.0	24703	high noise
 137	4000	1.0	1.0	22831	high noise
 138	4000	0.9	0.9	24668	high noise
 139	4000	0.9	0.9	26316	high noise
 140	4000	0.9	0.9	26188	high noise
 141	4000	0.8	0.8	29174	high noise
 142	4000	0.9	0.9	24043	high noise
 143	4000	1.1	1.1	23175	high noise
 144	4000	0.8	0.8	27425	high noise
 145	4000	0.5	0.5	45715	high noise
 146	4000	0.8	0.8	29889	high noise
 147	4000	0.9	0.9	25666	high noise
 148	4000	1.6	1.6	14894	high noise
 149	4000	0.9	0.9	24050	high noise
 150	4000	0.8	0.8	30845	high noise
 151	4000	0.6	0.6	39986	high noise
 152	4000	0.8	0.8	26231	high noise
 153	4000	1.2	1.2	20916	high noise
 154	4000	1.0	1.0	22193	high noise
 155	4000	1.0	1.0	24228	high noise
 156	4000	0.6	0.6	35076	high noise
 157	4000	0.9	0.9	24641	high noise
 158	4000	0.6	0.6	37424	high noise
 159	4000	0.5	0.5	52675	high noise
 160	4000	0.7	0.7	34152	high noise
 161	4000	0.7	0.7	33877	high noise
 162	4000	1.1	1.1	21891	high noise
 163	4000	0.4	0.4	60414	high noise
 164	4000	1.0	1.0	23910	high noise
 165	4000	0.6	0.6	37338	high noise
 166	4000	1.0	1.0	23374	high noise
 167	4000	0.5	0.5	42803	high noise
 168	4000	0.8	0.8	27493	high noise
 169	4000	1.1	1.1	20125	high noise
 170	4000	1.0	1.0	23676	high noise
 171	4000	1.0	1.0	23415	high noise
 172	4000	1.0	1.0	23414	high noise
 173	4000	0.6	0.6	40677	high noise
 174	4000	1.0	1.0	21121	high noise
 175	4000	0.9	0.9	24123	high noise
 176	4000	1.6	1.6	15661	high noise
 177	4000	0.6	0.6	37142	high noise
 178	4000	1.3	1.3	19420	high noise
 179	4000	1.4	1.4	17269	high noise
 180	4000	0.5	0.5	41246	high noise
 181	4000	0.7	0.7	33195	high noise
 182	4000	1.1	1.1	21810	high noise
 183	4000	0.7	0.7	33434	high noise
 184	4000	1.1	1.1	20821	high noise
 185	4000	1.0	1.0	22932	high noise
 186	4000	0.9	0.9	27993	high noise
 187	4000	0.8	0.8	32784	high noise
 188	4000	1.0	1.0	23579	high noise
 189	4000	1.2	1.2	20584	high noise
 190	4000	0.6	0.6	37824	high noise
 191	4000	0.9	0.9	24936	high noise
 192	4000	1.2	1.2	19442	high noise
 193	4000	1.2	1.2	19084	high noise
 194	4000	1.0	1.0	24138	high noise
 195	4000	0.8	0.8	30116	high noise
 196	4000	0.8	0.8	27625	high noise
 197	4000	0.7	0.7	31276	high noise
 198	4000	1.0	1.0	23999	high noise
 199	4000	0.9	0.9	26135	high noise
 200	4000	1.2	1.2	18383	high noise
 201	4000	1.2	1.2	19499	high noise
 202	4000	1.1	1.1	19625	high noise
 203	4000	1.0	1.0	20246	high noise
 204	4000	1.2	1.2	19101	high noise
 205	4000	1.0	1.0	22792	high noise
 206	4000	1.0	1.0	24381	high noise
 207	4000	1.1	1.1	20143	high noise
 208	4000	1.1	1.1	20429	high noise
 209	4000	0.7	0.7	32262	high noise
 210	4000	0.6	0.6	39184	high noise
 211	4000	0.8	0.8	31790	high noise
 212	4000	0.5	0.5	48986	high noise
 213	4000	0.8	0.8	31142	high noise
 214	4000	1.0	1.0	21826	high noise
 215	4000	1.0	1.0	24265	high noise
 216	4000	0.3	0.3	75383	high noise
 217	4000	0.8	0.8	29207	high noise
 218	4000	0.7	0.7	31362	high noise
 219	4000	0.9	0.9	23641	high noise
 220	4000	1.1	1.1	21372	high noise
 221	4000	0.6	0.6	39200	high noise
 222	4000	0.7	0.7	33366	high noise
 223	4000	1.3	1.3	19923	high noise
 224	4000	0.6	0.6	39037	high noise
 225	4000	0.6	0.6	37512	high noise
 226	4000	1.2	1.2	19657	high noise
 227	4000	0.5	0.5	39014	high noise
 228	4000	1.3	1.3	16748	high noise
 229	4000	0.8	0.8	30056	high noise
 230	4000	1.2	1.2	18593	high noise
 231	4000	1.4	1.4	15438	high noise
 232	4000	0.7	0.7	34279	high noise
 233	4000	1.2	1.2	18698	high noise
 234	4000	0.5	0.5	46803	high noise
 235	4000	0.5	0.5	46374	high noise
 236	4000	0.5	0.5	46692	high noise
 237	4000	1.0	1.0	21517	high noise
 238	4000	0.8	0.8	29407	high noise
 239	4000	1.5	1.5	14636	high noise
 240	4000	1.0	1.0	23388	high noise
 241	4000	1.1	1.1	21033	high noise
 242	4000	0.9	0.9	26068	high noise
 243	4000	1.3	1.3	17795	high noise
 244	4000	0.9	0.9	24564	high noise
 245	4000	0.9	0.9	26045	high noise
 246	4000	0.7	0.7	31115	high noise
 247	4000	1.2	1.2	21698	high noise
 248	4000	1.1	1.1	22812	high noise
 249	4000	0.9	0.9	27815	high noise
 250	4000	0.7	0.7	32080	high noise
 251	4000	1.1	1.1	21897	high noise
 252	4000	0.8	0.8	29505	high noise
 253	4000	1.1	1.1	21562	high noise
 254	4000	1.0	1.0	23011	high noise
 255	4000	1.1	1.1	22240	high noise
