#chan	code	gain	offset	innse	comment
   0	1100	0.0	0.0	   0	low gain
   1	4100	1.3	1.3	18619	low gain
   2	4100	1.1	1.1	19977	low gain
   3	1000	64.4	64.4	 462	unbonded
   4	4100	1.7	1.7	14795	low gain
   5	4100	1.4	1.4	21646	low gain
   6	4104	1.2	1.2	18519	low gain
   7	4100	1.0	1.0	23993	low gain
   8	4100	1.6	1.6	14344	low gain
   9	4100	1.5	1.5	15067	low gain
  10	4100	1.5	1.5	16508	low gain
  11	1000	60.7	60.7	 472	unbonded
  12	4100	1.7	1.7	13872	low gain
  13	4100	1.1	1.1	21602	low gain
  14	4100	1.2	1.2	19206	low gain
  15	4100	1.3	1.3	16539	low gain
  16	4100	1.3	1.3	16775	low gain
  17	4100	1.7	1.7	14292	low gain
  18	4100	1.2	1.2	19817	low gain
  19	1000	62.0	62.0	 472	unbonded
  20	4100	1.3	1.3	16103	low gain
  21	4100	1.1	1.1	19120	low gain
  22	4100	1.4	1.4	18422	low gain
  23	4100	1.0	1.0	23463	low gain
  24	4100	1.0	1.0	22731	low gain
  25	4100	1.0	1.0	23006	low gain
  26	4100	1.1	1.1	20956	low gain
  27	1000	62.3	62.3	 496	unbonded
  28	4100	1.2	1.2	18844	low gain
  29	4100	0.6	0.6	42098	low gain
  30	4100	1.1	1.1	22275	low gain
  31	4100	0.9	0.9	26454	low gain
  32	4100	1.5	1.5	15554	low gain
  33	4100	1.1	1.1	20436	low gain
  34	4100	0.7	0.7	33961	low gain
  35	1000	62.1	62.1	 442	unbonded
  36	4100	1.7	1.7	14573	low gain
  37	4100	1.0	1.0	24167	low gain
  38	4100	1.8	1.8	12935	low gain
  39	4100	1.1	1.1	22303	low gain
  40	4100	1.6	1.6	15262	low gain
  41	4100	0.9	0.9	25729	low gain
  42	4100	0.9	0.9	24287	low gain
  43	1000	61.2	61.2	 478	unbonded
  44	4100	1.2	1.2	18897	low gain
  45	4100	1.4	1.4	17237	low gain
  46	4100	1.1	1.1	20907	low gain
  47	4100	1.5	1.5	15969	low gain
  48	4100	1.8	1.8	12804	low gain
  49	4100	1.5	1.5	15628	low gain
  50	4100	1.2	1.2	21470	low gain
  51	1000	62.8	62.8	 489	unbonded
  52	4100	1.4	1.4	16017	low gain
  53	4100	1.7	1.7	12335	low gain
  54	4100	1.4	1.4	16515	low gain
  55	4100	1.2	1.2	20002	low gain
  56	4100	1.0	1.0	24260	low gain
  57	4100	1.4	1.4	17988	low gain
  58	4100	1.5	1.5	16450	low gain
  59	1000	63.7	63.7	 482	unbonded
  60	4100	1.0	1.0	23473	low gain
  61	4100	1.3	1.3	18152	low gain
  62	4100	1.1	1.1	19469	low gain
  63	4100	1.3	1.3	19302	low gain
  64	4100	0.8	0.8	31723	low gain
  65	4100	1.2	1.2	20532	low gain
  66	4100	1.5	1.5	16048	low gain
  67	1000	60.0	60.0	 494	unbonded
  68	4100	1.1	1.1	22892	low gain
  69	4100	1.5	1.5	15445	low gain
  70	4100	1.1	1.1	21759	low gain
  71	4100	1.0	1.0	22289	low gain
  72	4100	1.0	1.0	23993	low gain
  73	4104	1.2	1.2	18161	low gain
  74	4100	1.1	1.1	20719	low gain
  75	1000	63.3	63.3	 472	unbonded
  76	4100	1.5	1.5	13770	low gain
  77	4100	1.2	1.2	20214	low gain
  78	4100	0.8	0.8	29073	low gain
  79	4100	1.6	1.6	15829	low gain
  80	4100	0.9	0.9	25134	low gain
  81	4100	1.0	1.0	25775	low gain
  82	4100	1.1	1.1	20675	low gain
  83	1000	64.0	64.0	 472	unbonded
  84	4100	1.5	1.5	15074	low gain
  85	4100	0.9	0.9	27258	low gain
  86	4100	1.2	1.2	19047	low gain
  87	4100	0.6	0.6	40175	low gain
  88	4100	0.9	0.9	28059	low gain
  89	4100	0.9	0.9	27650	low gain
  90	4100	0.7	0.7	33622	low gain
  91	1000	63.0	63.0	 479	unbonded
  92	4100	1.6	1.6	16434	low gain
  93	4100	1.1	1.1	20230	low gain
  94	4100	1.1	1.1	20181	low gain
  95	4100	1.2	1.2	19594	low gain
  96	4100	1.4	1.4	17683	low gain
  97	4100	1.1	1.1	21485	low gain
  98	4100	1.2	1.2	19192	low gain
  99	1000	63.6	63.6	 479	unbonded
 100	4100	1.8	1.8	12964	low gain
 101	4100	0.9	0.9	27288	low gain
 102	4100	1.3	1.3	20199	low gain
 103	4100	1.7	1.7	13588	low gain
 104	4100	0.6	0.6	35723	low gain
 105	4100	1.4	1.4	16889	low gain
 106	4100	1.4	1.4	18159	low gain
 107	1000	62.3	62.3	 470	unbonded
 108	4100	1.6	1.6	15043	low gain
 109	4100	0.8	0.8	29924	low gain
 110	4100	1.4	1.4	16378	low gain
 111	4100	1.5	1.5	16449	low gain
 112	4100	1.5	1.5	16101	low gain
 113	4100	1.4	1.4	15946	low gain
 114	4100	1.1	1.1	22474	low gain
 115	1000	61.3	61.3	 474	unbonded
 116	4100	1.4	1.4	15683	low gain
 117	4100	1.0	1.0	23602	low gain
 118	4100	1.0	1.0	22394	low gain
 119	4100	1.2	1.2	19028	low gain
 120	4100	1.4	1.4	17826	low gain
 121	4100	1.2	1.2	19543	low gain
 122	4100	0.9	0.9	26806	low gain
 123	4000	66.4	66.4	 738	high noise
 124	4100	1.6	1.6	14227	low gain
 125	4100	0.5	0.5	46142	low gain
 126	4100	1.0	1.0	22734	low gain
 127	4100	1.3	1.3	18851	low gain
 128	1000	0.0	0.0	   0	unbonded
 129	4000	1.5	1.5	15640	high noise
 130	4000	1.4	1.4	16388	high noise
 131	4000	1.2	1.2	18880	high noise
 132	4000	1.1	1.1	20792	high noise
 133	4000	1.0	1.0	22780	high noise
 134	4000	1.1	1.1	21192	high noise
 135	4000	1.2	1.2	19173	high noise
 136	4000	1.1	1.1	20376	high noise
 137	4000	1.0	1.0	22855	high noise
 138	4000	1.0	1.0	22529	high noise
 139	4000	1.1	1.1	21865	high noise
 140	4000	1.2	1.2	19250	high noise
 141	4000	1.4	1.4	16199	high noise
 142	4000	1.2	1.2	21002	high noise
 143	4000	1.3	1.3	16402	high noise
 144	4000	1.5	1.5	14264	high noise
 145	4000	1.0	1.0	22393	high noise
 146	4000	1.2	1.2	18662	high noise
 147	4000	1.1	1.1	18535	high noise
 148	4000	1.0	1.0	21371	high noise
 149	4000	1.1	1.1	21198	high noise
 150	4000	1.3	1.3	19125	high noise
 151	4000	1.4	1.4	16168	high noise
 152	4000	1.3	1.3	17569	high noise
 153	4000	1.3	1.3	18350	high noise
 154	4000	1.0	1.0	24413	high noise
 155	4000	0.6	0.6	40972	high noise
 156	4000	1.0	1.0	19820	high noise
 157	4000	0.9	0.9	28624	high noise
 158	4000	1.4	1.4	16336	high noise
 159	4000	1.0	1.0	22099	high noise
 160	4000	1.5	1.5	16218	high noise
 161	4000	1.5	1.5	15304	high noise
 162	4000	1.1	1.1	20786	high noise
 163	4000	1.2	1.2	18816	high noise
 164	4000	1.5	1.5	15505	high noise
 165	4000	0.5	0.5	45454	high noise
 166	4000	1.7	1.7	13585	high noise
 167	4000	1.3	1.3	18492	high noise
 168	4000	1.3	1.3	18691	high noise
 169	4000	1.2	1.2	18740	high noise
 170	4000	1.3	1.3	18645	high noise
 171	4000	1.0	1.0	23012	high noise
 172	4000	1.2	1.2	19691	high noise
 173	4000	1.0	1.0	25324	high noise
 174	4000	1.4	1.4	15531	high noise
 175	4000	0.8	0.8	27274	high noise
 176	4000	1.4	1.4	16411	high noise
 177	4000	1.1	1.1	20438	high noise
 178	4000	1.1	1.1	21927	high noise
 179	4000	1.0	1.0	23257	high noise
 180	4000	1.5	1.5	15050	high noise
 181	4000	1.0	1.0	23046	high noise
 182	4000	1.3	1.3	18467	high noise
 183	4000	1.0	1.0	22430	high noise
 184	4000	1.3	1.3	18474	high noise
 185	4000	1.2	1.2	19451	high noise
 186	4000	1.2	1.2	20751	high noise
 187	4000	1.1	1.1	21543	high noise
 188	4000	1.1	1.1	20345	high noise
 189	4000	1.4	1.4	18117	high noise
 190	4000	1.1	1.1	20628	high noise
 191	4000	1.4	1.4	18032	high noise
 192	4000	1.4	1.4	18118	high noise
 193	4000	1.2	1.2	18052	high noise
 194	4000	1.2	1.2	19152	high noise
 195	4000	1.2	1.2	19606	high noise
 196	4000	1.1	1.1	20516	high noise
 197	4000	1.0	1.0	23973	high noise
 198	4000	1.5	1.5	15576	high noise
 199	4000	0.9	0.9	26645	high noise
 200	4000	1.1	1.1	19702	high noise
 201	4000	0.9	0.9	25162	high noise
 202	4000	1.2	1.2	19957	high noise
 203	4000	1.0	1.0	23019	high noise
 204	4000	1.5	1.5	15150	high noise
 205	4000	1.5	1.5	14204	high noise
 206	4000	1.4	1.4	16964	high noise
 207	4000	1.3	1.3	18144	high noise
 208	4000	1.1	1.1	18457	high noise
 209	4000	0.9	0.9	24703	high noise
 210	4000	1.3	1.3	19306	high noise
 211	4000	1.1	1.1	20685	high noise
 212	4000	1.1	1.1	19738	high noise
 213	4000	1.4	1.4	18317	high noise
 214	4000	1.3	1.3	18122	high noise
 215	4000	1.2	1.2	19384	high noise
 216	4000	1.1	1.1	20075	high noise
 217	4000	0.8	0.8	29548	high noise
 218	4000	1.2	1.2	20268	high noise
 219	4000	1.1	1.1	21008	high noise
 220	4000	1.1	1.1	20911	high noise
 221	4000	1.1	1.1	21302	high noise
 222	4000	1.5	1.5	17292	high noise
 223	4000	1.1	1.1	22806	high noise
 224	4000	1.4	1.4	17579	high noise
 225	4000	1.3	1.3	18352	high noise
 226	4000	1.2	1.2	19295	high noise
 227	4000	1.2	1.2	18766	high noise
 228	4000	1.2	1.2	19289	high noise
 229	4000	1.2	1.2	20062	high noise
 230	4000	1.1	1.1	20392	high noise
 231	4000	1.0	1.0	21627	high noise
 232	4000	1.4	1.4	15788	high noise
 233	4000	1.4	1.4	16502	high noise
 234	4000	0.7	0.7	33187	high noise
 235	4000	1.5	1.5	15904	high noise
 236	4000	0.9	0.9	25670	high noise
 237	4000	0.9	0.9	25080	high noise
 238	4000	1.3	1.3	17569	high noise
 239	4000	1.4	1.4	17133	high noise
 240	4000	1.2	1.2	19407	high noise
 241	4000	1.1	1.1	22150	high noise
 242	4000	0.9	0.9	25186	high noise
 243	4000	1.3	1.3	18492	high noise
 244	4000	1.3	1.3	17665	high noise
 245	4000	1.4	1.4	17725	high noise
 246	4000	1.3	1.3	17431	high noise
 247	4000	1.0	1.0	24589	high noise
 248	4000	1.0	1.0	23192	high noise
 249	4000	1.2	1.2	20655	high noise
 250	4000	1.6	1.6	14620	high noise
 251	4000	1.3	1.3	18870	high noise
 252	4000	0.9	0.9	26789	high noise
 253	4000	1.0	1.0	22499	high noise
 254	4000	1.5	1.5	14754	high noise
 255	4000	1.3	1.3	17901	high noise
