#chan	code	gain	offset	innse	comment
   0	1100	0.0	0.0	   0	low gain
   1	4100	1.3	1.3	17487	low gain
   2	4100	1.0	1.0	22614	low gain
   3	4100	1.3	1.3	18869	low gain
   4	4100	1.3	1.3	18395	low gain
   5	4000	74.2	74.2	 541	high noise
   6	4104	1.5	1.5	13955	low gain
   7	4100	1.1	1.1	22783	low gain
   8	4100	1.2	1.2	19125	low gain
   9	4100	1.3	1.3	16684	low gain
  10	4100	1.0	1.0	22945	low gain
  11	4100	1.0	1.0	23182	low gain
  12	4100	0.8	0.8	30451	low gain
  13	1000	70.2	70.2	 436	unbonded
  14	4100	1.1	1.1	22734	low gain
  15	4100	1.1	1.1	20108	low gain
  16	4100	1.2	1.2	20448	low gain
  17	4100	1.3	1.3	18591	low gain
  18	4100	1.1	1.1	20984	low gain
  19	4100	1.1	1.1	22208	low gain
  20	4100	1.1	1.1	19631	low gain
  21	1000	69.6	69.6	 435	unbonded
  22	4100	1.7	1.7	13597	low gain
  23	4100	1.2	1.2	19092	low gain
  24	4100	1.2	1.2	19561	low gain
  25	4100	1.0	1.0	23889	low gain
  26	4100	1.3	1.3	17969	low gain
  27	4100	1.2	1.2	19475	low gain
  28	4100	1.2	1.2	19369	low gain
  29	1000	70.6	70.6	 408	unbonded
  30	4100	1.0	1.0	24895	low gain
  31	4100	0.9	0.9	26600	low gain
  32	4100	1.1	1.1	21643	low gain
  33	4100	0.4	0.4	60239	low gain
  34	4100	0.9	0.9	29949	low gain
  35	4100	1.2	1.2	19798	low gain
  36	4100	1.1	1.1	22034	low gain
  37	1000	69.1	69.1	 409	unbonded
  38	4100	1.5	1.5	15848	low gain
  39	4100	1.3	1.3	17563	low gain
  40	4100	1.1	1.1	21033	low gain
  41	4100	1.2	1.2	18976	low gain
  42	4100	1.4	1.4	16968	low gain
  43	4100	1.4	1.4	15997	low gain
  44	4100	0.8	0.8	25955	low gain
  45	1000	71.6	71.6	 428	unbonded
  46	4100	1.4	1.4	16699	low gain
  47	4100	1.5	1.5	15302	low gain
  48	4100	1.1	1.1	23010	low gain
  49	4100	1.0	1.0	22506	low gain
  50	4100	1.1	1.1	21489	low gain
  51	4100	1.4	1.4	16800	low gain
  52	4100	1.3	1.3	15678	low gain
  53	1000	70.0	70.0	 440	unbonded
  54	4100	1.4	1.4	16353	low gain
  55	4100	1.0	1.0	22133	low gain
  56	4100	0.9	0.9	25398	low gain
  57	4100	1.0	1.0	26857	low gain
  58	4100	1.1	1.1	20470	low gain
  59	4100	0.7	0.7	33243	low gain
  60	4100	1.1	1.1	21402	low gain
  61	1000	69.5	69.5	 439	unbonded
  62	4100	1.6	1.6	14173	low gain
  63	4100	1.3	1.3	18876	low gain
  64	4100	1.0	1.0	23788	low gain
  65	4100	1.4	1.4	18346	low gain
  66	4100	1.5	1.5	15326	low gain
  67	4100	1.0	1.0	20141	low gain
  68	4100	1.2	1.2	18882	low gain
  69	1000	71.9	71.9	 419	unbonded
  70	4100	1.5	1.5	16130	low gain
  71	4100	1.1	1.1	20583	low gain
  72	4100	1.3	1.3	18467	low gain
  73	4104	1.3	1.3	15777	low gain
  74	4100	1.0	1.0	23910	low gain
  75	4100	1.5	1.5	15441	low gain
  76	4100	1.0	1.0	24021	low gain
  77	1000	71.4	71.4	 409	unbonded
  78	4100	1.0	1.0	25377	low gain
  79	4100	1.0	1.0	23168	low gain
  80	4100	0.8	0.8	29432	low gain
  81	4100	1.0	1.0	24383	low gain
  82	4100	0.9	0.9	25592	low gain
  83	4100	1.5	1.5	17441	low gain
  84	4100	1.1	1.1	22739	low gain
  85	1000	70.7	70.7	 417	unbonded
  86	4100	1.5	1.5	16348	low gain
  87	4100	1.1	1.1	21216	low gain
  88	4100	1.5	1.5	17359	low gain
  89	4100	1.1	1.1	22191	low gain
  90	4100	1.1	1.1	22506	low gain
  91	4100	0.5	0.5	44496	low gain
  92	4100	0.8	0.8	30480	low gain
  93	1000	72.2	72.2	 410	unbonded
  94	4100	1.3	1.3	17803	low gain
  95	4100	1.2	1.2	19658	low gain
  96	4100	1.2	1.2	19199	low gain
  97	4100	1.0	1.0	24537	low gain
  98	4100	1.0	1.0	22232	low gain
  99	4100	1.2	1.2	20492	low gain
 100	4100	1.1	1.1	21834	low gain
 101	1000	72.3	72.3	 423	unbonded
 102	4100	1.3	1.3	18184	low gain
 103	4100	1.4	1.4	17385	low gain
 104	4100	1.2	1.2	18838	low gain
 105	4100	1.4	1.4	17734	low gain
 106	4100	1.2	1.2	19926	low gain
 107	4100	1.2	1.2	20437	low gain
 108	4100	1.2	1.2	18419	low gain
 109	1000	70.6	70.6	 421	unbonded
 110	4100	0.8	0.8	30689	low gain
 111	4100	1.2	1.2	20678	low gain
 112	4100	0.8	0.8	28306	low gain
 113	4100	1.3	1.3	19557	low gain
 114	4100	1.3	1.3	19424	low gain
 115	4100	1.0	1.0	20897	low gain
 116	4100	1.4	1.4	16206	low gain
 117	1000	72.2	72.2	 417	unbonded
 118	4100	1.6	1.6	14904	low gain
 119	4100	1.3	1.3	16836	low gain
 120	4100	0.8	0.8	27667	low gain
 121	4100	1.2	1.2	19958	low gain
 122	4100	0.9	0.9	27669	low gain
 123	4100	0.8	0.8	41337	low gain
 124	4100	1.5	1.5	14797	low gain
 125	1000	72.9	72.9	 413	unbonded
 126	4100	1.4	1.4	17269	low gain
 127	4100	1.6	1.6	15632	low gain
 128	1000	0.0	0.0	   0	unbonded
 129	4000	0.8	0.8	31110	high noise
 130	4000	1.2	1.2	18681	high noise
 131	4000	1.0	1.0	23476	high noise
 132	4000	1.5	1.5	14200	high noise
 133	4000	0.7	0.7	34050	high noise
 134	4000	1.2	1.2	18438	high noise
 135	4000	1.4	1.4	17265	high noise
 136	4000	1.4	1.4	18160	high noise
 137	4000	1.2	1.2	19868	high noise
 138	4000	0.8	0.8	29911	high noise
 139	4000	1.0	1.0	23912	high noise
 140	4000	0.8	0.8	27678	high noise
 141	4000	0.8	0.8	29379	high noise
 142	4000	1.2	1.2	20613	high noise
 143	4000	1.1	1.1	22008	high noise
 144	4000	0.7	0.7	34686	high noise
 145	4000	1.1	1.1	23304	high noise
 146	4000	1.1	1.1	20493	high noise
 147	4000	1.2	1.2	20913	high noise
 148	4000	1.3	1.3	19591	high noise
 149	4000	0.9	0.9	25099	high noise
 150	4000	1.1	1.1	21714	high noise
 151	4000	1.4	1.4	16923	high noise
 152	4000	1.1	1.1	20107	high noise
 153	4000	0.7	0.7	37124	high noise
 154	4000	1.6	1.6	14711	high noise
 155	4000	1.1	1.1	21748	high noise
 156	4000	1.2	1.2	20163	high noise
 157	4000	1.2	1.2	19772	high noise
 158	4000	1.3	1.3	17949	high noise
 159	4000	1.3	1.3	19177	high noise
 160	4000	0.7	0.7	36332	high noise
 161	4000	1.1	1.1	19583	high noise
 162	4000	1.3	1.3	17169	high noise
 163	4000	0.8	0.8	27397	high noise
 164	4000	1.1	1.1	20575	high noise
 165	4000	0.9	0.9	23437	high noise
 166	4000	0.7	0.7	34381	high noise
 167	4000	0.7	0.7	34900	high noise
 168	4000	0.8	0.8	32415	high noise
 169	4004	1.2	1.2	20015	high noise
 170	4000	1.2	1.2	18564	high noise
 171	4000	0.7	0.7	31492	high noise
 172	4000	1.6	1.6	14199	high noise
 173	4000	0.7	0.7	31972	high noise
 174	4000	0.9	0.9	24332	high noise
 175	4000	1.2	1.2	18247	high noise
 176	4000	1.9	1.9	12422	high noise
 177	4000	1.2	1.2	17639	high noise
 178	4000	0.9	0.9	25461	high noise
 179	4000	1.2	1.2	19255	high noise
 180	4000	0.9	0.9	25166	high noise
 181	4000	1.2	1.2	19190	high noise
 182	4000	1.3	1.3	17383	high noise
 183	4000	0.9	0.9	23274	high noise
 184	4000	0.8	0.8	33621	high noise
 185	4000	0.7	0.7	34343	high noise
 186	4000	1.1	1.1	20365	high noise
 187	4000	1.2	1.2	19209	high noise
 188	4000	1.6	1.6	15056	high noise
 189	4000	1.3	1.3	16606	high noise
 190	4000	1.2	1.2	21266	high noise
 191	4000	1.6	1.6	15696	high noise
 192	4000	1.6	1.6	15609	high noise
 193	4000	1.6	1.6	14276	high noise
 194	4000	0.9	0.9	26453	high noise
 195	4000	0.6	0.6	35762	high noise
 196	4000	1.0	1.0	21481	high noise
 197	4000	1.6	1.6	13796	high noise
 198	4000	1.2	1.2	18521	high noise
 199	4000	1.0	1.0	22493	high noise
 200	4000	1.1	1.1	20628	high noise
 201	4000	1.0	1.0	23919	high noise
 202	4000	1.6	1.6	15424	high noise
 203	4000	0.6	0.6	33949	high noise
 204	4000	1.2	1.2	19340	high noise
 205	4000	0.9	0.9	25084	high noise
 206	4000	0.9	0.9	27281	high noise
 207	4000	0.8	0.8	28741	high noise
 208	4000	0.8	0.8	25971	high noise
 209	4000	0.7	0.7	34139	high noise
 210	4000	1.1	1.1	20568	high noise
 211	4000	1.4	1.4	18764	high noise
 212	4000	0.5	0.5	44607	high noise
 213	4000	0.8	0.8	30598	high noise
 214	4000	0.6	0.6	36840	high noise
 215	4000	0.9	0.9	29408	high noise
 216	4000	0.9	0.9	22884	high noise
 217	4000	1.2	1.2	18705	high noise
 218	4000	1.2	1.2	18532	high noise
 219	4000	1.3	1.3	18059	high noise
 220	4000	1.1	1.1	21630	high noise
 221	4000	0.9	0.9	26879	high noise
 222	4000	0.7	0.7	33011	high noise
 223	4000	0.9	0.9	29925	high noise
 224	4000	1.1	1.1	23321	high noise
 225	4000	1.1	1.1	20727	high noise
 226	4000	1.1	1.1	19818	high noise
 227	4000	0.9	0.9	24884	high noise
 228	4000	1.2	1.2	17811	high noise
 229	4000	1.0	1.0	22678	high noise
 230	4000	1.1	1.1	21136	high noise
 231	4000	1.2	1.2	19865	high noise
 232	4000	1.2	1.2	19232	high noise
 233	4000	1.2	1.2	19227	high noise
 234	4000	1.0	1.0	23546	high noise
 235	4000	1.4	1.4	16933	high noise
 236	4000	0.9	0.9	22358	high noise
 237	4000	1.0	1.0	22977	high noise
 238	4000	0.8	0.8	29119	high noise
 239	4000	0.9	0.9	24434	high noise
 240	4000	0.8	0.8	31326	high noise
 241	4000	1.1	1.1	21163	high noise
 242	4000	0.6	0.6	38693	high noise
 243	4000	0.8	0.8	31582	high noise
 244	4000	1.2	1.2	19256	high noise
 245	4000	0.7	0.7	34279	high noise
 246	4000	0.7	0.7	32316	high noise
 247	4000	1.2	1.2	20092	high noise
 248	4000	1.6	1.6	14025	high noise
 249	4000	0.9	0.9	26566	high noise
 250	4000	1.2	1.2	21354	high noise
 251	4000	1.3	1.3	19461	high noise
 252	4000	0.7	0.7	32265	high noise
 253	4000	1.0	1.0	23164	high noise
 254	4000	1.2	1.2	20032	high noise
 255	4000	0.8	0.8	33883	high noise
