#chan	code	gain	offset	innse	comment
   0	1100	0.0	0.0	   0	low gain
   1	4100	0.4	0.4	61856	low gain
   2	1100	-0.0	-0.0	   0	low gain
   3	1000	80.5	80.5	 390	unbonded
   4	4100	0.5	0.5	49045	low gain
   5	4100	0.3	0.3	92370	low gain
   6	4104	0.6	0.6	38243	low gain
   7	4100	0.3	0.3	82225	low gain
   8	4100	0.3	0.3	78896	low gain
   9	4100	0.4	0.4	56151	low gain
  10	4100	0.5	0.5	48093	low gain
  11	1000	76.9	76.9	 379	unbonded
  12	4100	0.5	0.5	50949	low gain
  13	4100	0.2	0.2	100065	low gain
  14	4100	0.2	0.2	111474	low gain
  15	4100	0.6	0.6	39257	low gain
  16	4100	0.4	0.4	56658	low gain
  17	4100	0.1	0.1	168554	low gain
  18	4100	0.7	0.7	29780	low gain
  19	1000	77.4	77.4	 404	unbonded
  20	4100	1.0	1.0	22719	low gain
  21	4100	0.4	0.4	53330	low gain
  22	4100	0.7	0.7	31588	low gain
  23	4100	0.5	0.5	41929	low gain
  24	4100	0.5	0.5	45865	low gain
  25	1100	-0.3	-0.3	   0	low gain
  26	4100	0.6	0.6	37574	low gain
  27	1000	77.2	77.2	 401	unbonded
  28	4100	0.6	0.6	33708	low gain
  29	4100	0.4	0.4	60651	low gain
  30	4100	0.5	0.5	43275	low gain
  31	4100	0.7	0.7	33433	low gain
  32	4100	0.7	0.7	38778	low gain
  33	1100	-0.0	-0.0	   0	low gain
  34	4100	0.3	0.3	91820	low gain
  35	1000	77.5	77.5	 374	unbonded
  36	4100	0.9	0.9	26655	low gain
  37	4100	0.6	0.6	34955	low gain
  38	4100	0.7	0.7	31154	low gain
  39	4100	0.5	0.5	47836	low gain
  40	4100	0.5	0.5	43855	low gain
  41	4100	0.3	0.3	92252	low gain
  42	4100	0.4	0.4	62121	low gain
  43	1000	77.9	77.9	 422	unbonded
  44	4100	0.7	0.7	33199	low gain
  45	4100	0.4	0.4	51124	low gain
  46	4100	0.7	0.7	34473	low gain
  47	4100	0.4	0.4	61806	low gain
  48	4100	0.3	0.3	81629	low gain
  49	4100	0.3	0.3	70361	low gain
  50	4100	0.3	0.3	98683	low gain
  51	1000	78.2	78.2	 379	unbonded
  52	4100	0.7	0.7	30884	low gain
  53	4100	0.1	0.1	306148	low gain
  54	4100	0.6	0.6	38679	low gain
  55	4100	0.8	0.8	28983	low gain
  56	1100	-0.1	-0.1	   0	low gain
  57	4100	0.0	0.0	2472004	low gain
  58	4100	0.4	0.4	62761	low gain
  59	1000	79.6	79.6	 402	unbonded
  60	4100	0.9	0.9	26883	low gain
  61	4100	0.5	0.5	49126	low gain
  62	4100	0.4	0.4	63380	low gain
  63	4100	0.4	0.4	56611	low gain
  64	4100	0.3	0.3	77102	low gain
  65	4100	0.7	0.7	34258	low gain
  66	4100	0.1	0.1	396707	low gain
  67	1000	75.5	75.5	 363	unbonded
  68	4100	0.7	0.7	35285	low gain
  69	4100	0.5	0.5	47755	low gain
  70	4100	0.6	0.6	38827	low gain
  71	4100	1.0	1.0	23907	low gain
  72	4100	0.5	0.5	38909	low gain
  73	4104	0.1	0.1	194561	low gain
  74	4100	0.4	0.4	58841	low gain
  75	1000	79.0	79.0	 399	unbonded
  76	4100	1.1	1.1	19988	low gain
  77	4100	0.9	0.9	23115	low gain
  78	4100	0.5	0.5	42969	low gain
  79	4100	0.3	0.3	95318	low gain
  80	4100	0.5	0.5	45422	low gain
  81	4100	0.8	0.8	31197	low gain
  82	4100	0.5	0.5	49277	low gain
  83	1000	79.2	79.2	 392	unbonded
  84	4100	0.9	0.9	25554	low gain
  85	4100	0.2	0.2	116506	low gain
  86	4100	0.5	0.5	46035	low gain
  87	4100	0.4	0.4	58566	low gain
  88	4100	0.8	0.8	30109	low gain
  89	4100	0.7	0.7	35277	low gain
  90	4100	0.4	0.4	50891	low gain
  91	1000	78.3	78.3	 374	unbonded
  92	4100	0.8	0.8	27063	low gain
  93	4100	0.3	0.3	74693	low gain
  94	4100	0.3	0.3	76093	low gain
  95	4100	0.5	0.5	45512	low gain
  96	4100	0.3	0.3	65219	low gain
  97	4100	0.6	0.6	40053	low gain
  98	4100	0.6	0.6	38356	low gain
  99	1000	79.4	79.4	 389	unbonded
 100	4100	0.6	0.6	41528	low gain
 101	4100	0.3	0.3	93351	low gain
 102	4100	0.7	0.7	33020	low gain
 103	4100	0.4	0.4	53142	low gain
 104	4100	0.8	0.8	27782	low gain
 105	4100	0.6	0.6	43139	low gain
 106	4100	0.5	0.5	45625	low gain
 107	1000	77.5	77.5	 398	unbonded
 108	4100	0.9	0.9	24423	low gain
 109	4100	1.0	1.0	23476	low gain
 110	4100	0.3	0.3	89615	low gain
 111	4100	0.3	0.3	71818	low gain
 112	4100	0.4	0.4	56960	low gain
 113	4100	0.6	0.6	36595	low gain
 114	4100	0.8	0.8	27905	low gain
 115	1000	76.9	76.9	 376	unbonded
 116	4100	0.9	0.9	25584	low gain
 117	4100	0.2	0.2	94210	low gain
 118	4100	0.1	0.1	292909	low gain
 119	4100	0.6	0.6	37086	low gain
 120	4100	0.7	0.7	35739	low gain
 121	4100	0.6	0.6	41634	low gain
 122	4100	0.7	0.7	34280	low gain
 123	4000	78.3	78.3	 714	high noise
 124	4100	0.7	0.7	37424	low gain
 125	4100	0.7	0.7	32950	low gain
 126	4100	0.5	0.5	47947	low gain
 127	4100	0.3	0.3	68312	low gain
 128	1000	0.0	0.0	   0	unbonded
 129	4000	0.4	0.4	56570	high noise
 130	4000	0.8	0.8	32798	high noise
 131	4000	0.5	0.5	47998	high noise
 132	4000	0.5	0.5	46994	high noise
 133	4000	0.4	0.4	62014	high noise
 134	4000	0.3	0.3	89425	high noise
 135	4000	0.2	0.2	127657	high noise
 136	4000	0.4	0.4	60596	high noise
 137	4000	0.3	0.3	70532	high noise
 138	4000	0.7	0.7	34301	high noise
 139	4000	0.4	0.4	55378	high noise
 140	4000	0.5	0.5	42183	high noise
 141	4000	0.6	0.6	38856	high noise
 142	4000	0.7	0.7	33898	high noise
 143	4000	0.3	0.3	63002	high noise
 144	4000	0.5	0.5	50710	high noise
 145	4000	0.4	0.4	61522	high noise
 146	4000	0.6	0.6	32856	high noise
 147	4000	0.5	0.5	41893	high noise
 148	4000	0.1	0.1	210735	high noise
 149	4000	0.6	0.6	42218	high noise
 150	4000	0.5	0.5	42606	high noise
 151	4000	0.7	0.7	32960	high noise
 152	4000	0.5	0.5	48664	high noise
 153	4000	0.3	0.3	71619	high noise
 154	4000	1.1	1.1	20278	high noise
 155	4000	0.2	0.2	125649	high noise
 156	4000	0.3	0.3	86410	high noise
 157	4000	0.4	0.4	59970	high noise
 158	4000	0.5	0.5	45880	high noise
 159	4000	0.2	0.2	121100	high noise
 160	4000	0.5	0.5	52289	high noise
 161	4000	0.4	0.4	62494	high noise
 162	4000	0.3	0.3	67856	high noise
 163	4000	0.3	0.3	67013	high noise
 164	4000	0.5	0.5	41940	high noise
 165	4000	0.2	0.2	124956	high noise
 166	1100	-0.0	-0.0	   0	low gain
 167	4000	0.7	0.7	33969	high noise
 168	4000	0.4	0.4	60451	high noise
 169	4000	0.6	0.6	32739	high noise
 170	4000	1.0	1.0	23544	high noise
 171	4000	0.1	0.1	265002	high noise
 172	4000	0.5	0.5	47906	high noise
 173	4000	0.8	0.8	27340	high noise
 174	4004	0.3	0.3	87975	high noise
 175	4000	0.6	0.6	39294	high noise
 176	4000	0.4	0.4	57286	high noise
 177	4000	0.2	0.2	132039	high noise
 178	4000	0.8	0.8	31377	high noise
 179	4000	0.3	0.3	64946	high noise
 180	4000	0.6	0.6	37859	high noise
 181	4000	0.3	0.3	71739	high noise
 182	4000	0.9	0.9	25857	high noise
 183	4000	0.8	0.8	30119	high noise
 184	4000	0.5	0.5	48885	high noise
 185	4000	0.7	0.7	30902	high noise
 186	4000	0.5	0.5	43756	high noise
 187	4000	0.3	0.3	88435	high noise
 188	4000	0.4	0.4	57212	high noise
 189	4000	0.6	0.6	41129	high noise
 190	4000	0.7	0.7	35053	high noise
 191	4000	0.9	0.9	25476	high noise
 192	4000	1.1	1.1	23728	high noise
 193	4000	0.9	0.9	26384	high noise
 194	4000	0.4	0.4	62438	high noise
 195	4000	0.3	0.3	63248	high noise
 196	4000	0.4	0.4	65261	high noise
 197	4000	0.6	0.6	33616	high noise
 198	4000	0.6	0.6	35394	high noise
 199	4000	0.7	0.7	32975	high noise
 200	1100	-0.1	-0.1	   0	low gain
 201	4000	0.5	0.5	46055	high noise
 202	4000	0.5	0.5	45034	high noise
 203	4000	0.5	0.5	37931	high noise
 204	4000	0.9	0.9	26686	high noise
 205	4000	0.4	0.4	59043	high noise
 206	4000	0.6	0.6	39112	high noise
 207	4000	0.3	0.3	88172	high noise
 208	4000	0.5	0.5	48500	high noise
 209	4000	0.2	0.2	99997	high noise
 210	4000	0.2	0.2	122693	high noise
 211	4000	0.5	0.5	43819	high noise
 212	4000	1.2	1.2	19437	high noise
 213	4000	0.3	0.3	81505	high noise
 214	4000	0.3	0.3	99711	high noise
 215	4000	0.3	0.3	77325	high noise
 216	4000	0.5	0.5	48269	high noise
 217	4000	0.4	0.4	59872	high noise
 218	4000	0.5	0.5	50041	high noise
 219	4000	0.5	0.5	41463	high noise
 220	4000	0.4	0.4	54370	high noise
 221	4000	0.7	0.7	33695	high noise
 222	4000	0.2	0.2	128847	high noise
 223	4000	0.6	0.6	43473	high noise
 224	4000	0.5	0.5	46304	high noise
 225	4000	0.5	0.5	45421	high noise
 226	4000	0.5	0.5	49686	high noise
 227	4000	0.4	0.4	56059	high noise
 228	4000	0.7	0.7	30047	high noise
 229	4000	0.7	0.7	35364	high noise
 230	4000	0.5	0.5	42198	high noise
 231	4000	0.3	0.3	70029	high noise
 232	4000	0.6	0.6	37759	high noise
 233	4000	0.3	0.3	73635	high noise
 234	4000	0.5	0.5	47283	high noise
 235	4000	0.4	0.4	58866	high noise
 236	4000	0.4	0.4	58293	high noise
 237	4000	0.1	0.1	420544	high noise
 238	4000	0.6	0.6	35753	high noise
 239	1100	-0.1	-0.1	   0	low gain
 240	4000	0.0	0.0	841393	high noise
 241	1100	-0.4	-0.4	   0	low gain
 242	4000	0.6	0.6	35587	high noise
 243	4000	0.6	0.6	41693	high noise
 244	4000	0.5	0.5	42089	high noise
 245	4000	0.7	0.7	32094	high noise
 246	4000	0.2	0.2	142264	high noise
 247	4000	0.2	0.2	131577	high noise
 248	4000	0.5	0.5	53870	high noise
 249	4000	0.3	0.3	84681	high noise
 250	4000	0.6	0.6	39907	high noise
 251	4000	0.3	0.3	92362	high noise
 252	4000	0.7	0.7	31820	high noise
 253	4000	0.0	0.0	499327	high noise
 254	4000	0.1	0.1	163969	high noise
 255	4000	0.3	0.3	95222	high noise
