#chan	code	gain	offset	innse	comment
   0	1100	0.0	0.0	   0	low gain
   1	4100	0.8	0.8	26105	low gain
   2	4100	1.1	1.1	21731	low gain
   3	4100	0.5	0.5	51013	low gain
   4	4100	0.8	0.8	28033	low gain
   5	4000	71.1	71.1	 563	high noise
   6	4104	0.9	0.9	22442	low gain
   7	4100	0.9	0.9	26243	low gain
   8	4100	0.8	0.8	28524	low gain
   9	4100	0.8	0.8	30030	low gain
  10	4100	0.7	0.7	32926	low gain
  11	4100	0.6	0.6	36153	low gain
  12	4100	0.6	0.6	39226	low gain
  13	1000	65.9	65.9	 430	unbonded
  14	4100	1.6	1.6	14562	low gain
  15	4100	0.7	0.7	33065	low gain
  16	4100	1.0	1.0	23741	low gain
  17	4100	1.0	1.0	25117	low gain
  18	4100	1.5	1.5	15485	low gain
  19	4100	0.4	0.4	58235	low gain
  20	4100	0.9	0.9	23082	low gain
  21	1000	65.6	65.6	 422	unbonded
  22	4100	1.2	1.2	21109	low gain
  23	4100	0.3	0.3	75844	low gain
  24	4100	1.0	1.0	22033	low gain
  25	4100	0.8	0.8	28938	low gain
  26	4100	0.6	0.6	38607	low gain
  27	4100	0.8	0.8	29964	low gain
  28	4100	0.6	0.6	34755	low gain
  29	1000	65.7	65.7	 435	unbonded
  30	4100	1.2	1.2	19988	low gain
  31	4100	1.3	1.3	18215	low gain
  32	4100	0.7	0.7	35696	low gain
  33	4100	0.6	0.6	36076	low gain
  34	4100	0.7	0.7	33956	low gain
  35	4100	0.9	0.9	25575	low gain
  36	4100	1.1	1.1	22030	low gain
  37	1000	64.7	64.7	 464	unbonded
  38	4100	0.9	0.9	23874	low gain
  39	4100	0.8	0.8	28043	low gain
  40	4100	0.6	0.6	37586	low gain
  41	4100	0.9	0.9	23939	low gain
  42	4100	0.4	0.4	49201	low gain
  43	4100	0.6	0.6	38467	low gain
  44	4100	0.4	0.4	47829	low gain
  45	1000	67.3	67.3	 443	unbonded
  46	4100	1.1	1.1	21187	low gain
  47	4100	0.7	0.7	35175	low gain
  48	4100	0.9	0.9	24905	low gain
  49	4100	0.8	0.8	30683	low gain
  50	4100	1.0	1.0	23810	low gain
  51	4100	0.2	0.2	91628	low gain
  52	4100	0.7	0.7	32345	low gain
  53	1000	65.6	65.6	 436	unbonded
  54	4100	1.2	1.2	17503	low gain
  55	4100	0.6	0.6	37321	low gain
  56	4100	0.8	0.8	29741	low gain
  57	4100	1.1	1.1	20988	low gain
  58	4100	0.8	0.8	28989	low gain
  59	4100	1.0	1.0	23484	low gain
  60	4100	0.7	0.7	32369	low gain
  61	1000	65.6	65.6	 469	unbonded
  62	4100	1.0	1.0	24303	low gain
  63	4100	0.5	0.5	54219	low gain
  64	4100	0.4	0.4	50833	low gain
  65	4100	1.2	1.2	20717	low gain
  66	4100	0.3	0.3	67033	low gain
  67	4100	0.2	0.2	123266	low gain
  68	4100	0.7	0.7	31420	low gain
  69	1000	66.9	66.9	 446	unbonded
  70	4100	1.0	1.0	23754	low gain
  71	4100	0.9	0.9	24677	low gain
  72	4100	0.7	0.7	30164	low gain
  73	4104	0.5	0.5	43992	low gain
  74	4100	0.9	0.9	26391	low gain
  75	4100	0.6	0.6	40582	low gain
  76	4100	0.8	0.8	25263	low gain
  77	1000	66.3	66.3	 468	unbonded
  78	4100	1.0	1.0	23703	low gain
  79	4100	0.9	0.9	27414	low gain
  80	4100	0.5	0.5	45779	low gain
  81	4100	0.7	0.7	32172	low gain
  82	4100	0.6	0.6	39160	low gain
  83	4100	0.7	0.7	35560	low gain
  84	4100	0.9	0.9	27028	low gain
  85	1000	66.3	66.3	 454	unbonded
  86	4100	1.2	1.2	18298	low gain
  87	4100	0.8	0.8	28523	low gain
  88	4100	1.0	1.0	24111	low gain
  89	4100	0.8	0.8	31750	low gain
  90	4100	0.7	0.7	33012	low gain
  91	4100	0.9	0.9	24777	low gain
  92	4100	0.5	0.5	42390	low gain
  93	1000	67.6	67.6	 460	unbonded
  94	4100	1.1	1.1	22224	low gain
  95	4100	0.9	0.9	26150	low gain
  96	4100	0.7	0.7	37735	low gain
  97	4100	0.8	0.8	27528	low gain
  98	4100	0.8	0.8	28816	low gain
  99	4100	0.9	0.9	25998	low gain
 100	4100	0.7	0.7	34656	low gain
 101	1000	67.7	67.7	 443	unbonded
 102	4100	0.8	0.8	26644	low gain
 103	4100	0.8	0.8	29526	low gain
 104	4100	1.1	1.1	20884	low gain
 105	4100	0.6	0.6	40714	low gain
 106	4100	0.9	0.9	26279	low gain
 107	4100	0.9	0.9	25286	low gain
 108	4100	0.6	0.6	40759	low gain
 109	1000	66.1	66.1	 449	unbonded
 110	4100	0.7	0.7	36365	low gain
 111	4100	0.8	0.8	28484	low gain
 112	4100	0.8	0.8	29446	low gain
 113	4100	0.9	0.9	25579	low gain
 114	4100	0.7	0.7	31141	low gain
 115	4100	0.8	0.8	27496	low gain
 116	4100	0.8	0.8	28545	low gain
 117	1000	67.6	67.6	 426	unbonded
 118	4100	1.1	1.1	20362	low gain
 119	4100	0.8	0.8	27240	low gain
 120	4100	1.0	1.0	22646	low gain
 121	4100	0.8	0.8	31945	low gain
 122	4100	0.8	0.8	29793	low gain
 123	4100	0.3	0.3	99738	low gain
 124	4100	0.6	0.6	35422	low gain
 125	1000	68.2	68.2	 426	unbonded
 126	4100	1.0	1.0	25813	low gain
 127	4100	0.7	0.7	33903	low gain
 128	1000	0.0	0.0	   0	unbonded
 129	4000	1.0	1.0	22113	high noise
 130	4000	0.8	0.8	29094	high noise
 131	4000	0.8	0.8	29153	high noise
 132	4000	0.3	0.3	84385	high noise
 133	4000	0.6	0.6	35027	high noise
 134	4000	1.2	1.2	17466	high noise
 135	4000	0.4	0.4	64528	high noise
 136	4000	0.8	0.8	30891	high noise
 137	4000	1.0	1.0	24293	high noise
 138	4000	0.4	0.4	55279	high noise
 139	4000	0.7	0.7	34592	high noise
 140	4000	0.7	0.7	34937	high noise
 141	4000	0.5	0.5	47341	high noise
 142	4000	0.6	0.6	36938	high noise
 143	4000	0.6	0.6	36753	high noise
 144	4000	0.4	0.4	51934	high noise
 145	4000	0.8	0.8	29996	high noise
 146	4000	0.7	0.7	32276	high noise
 147	4000	0.5	0.5	40903	high noise
 148	4000	1.0	1.0	23012	high noise
 149	4000	0.7	0.7	33139	high noise
 150	4000	0.6	0.6	36484	high noise
 151	4000	0.5	0.5	43954	high noise
 152	4000	1.1	1.1	20056	high noise
 153	4000	0.6	0.6	39548	high noise
 154	4000	0.6	0.6	40732	high noise
 155	4000	0.9	0.9	24568	high noise
 156	4000	0.8	0.8	29119	high noise
 157	4000	0.9	0.9	25798	high noise
 158	4000	0.6	0.6	38872	high noise
 159	4000	1.0	1.0	22624	high noise
 160	4000	0.8	0.8	30139	high noise
 161	4000	0.8	0.8	32583	high noise
 162	4000	0.5	0.5	42630	high noise
 163	4000	0.5	0.5	46205	high noise
 164	4000	0.6	0.6	39797	high noise
 165	4000	0.6	0.6	34706	high noise
 166	4000	0.7	0.7	34064	high noise
 167	4000	0.1	0.1	221561	high noise
 168	4000	0.3	0.3	70189	high noise
 169	4000	1.0	1.0	21097	high noise
 170	4000	1.1	1.1	20536	high noise
 171	4000	1.2	1.2	19788	high noise
 172	4000	0.9	0.9	27397	high noise
 173	4000	0.7	0.7	34129	high noise
 174	4000	0.6	0.6	35190	high noise
 175	4000	0.7	0.7	32148	high noise
 176	4000	1.1	1.1	20283	high noise
 177	4000	0.5	0.5	43829	high noise
 178	4000	1.0	1.0	22602	high noise
 179	4000	1.1	1.1	20986	high noise
 180	4000	0.8	0.8	26548	high noise
 181	4000	0.6	0.6	41043	high noise
 182	4000	1.1	1.1	22276	high noise
 183	4000	0.7	0.7	31521	high noise
 184	4000	0.7	0.7	33927	high noise
 185	4000	0.9	0.9	25132	high noise
 186	4000	0.7	0.7	35185	high noise
 187	4000	1.1	1.1	21599	high noise
 188	4000	0.9	0.9	25034	high noise
 189	4000	1.3	1.3	19208	high noise
 190	4000	0.6	0.6	36573	high noise
 191	4000	0.9	0.9	26692	high noise
 192	4000	1.3	1.3	18935	high noise
 193	4000	0.6	0.6	35631	high noise
 194	4000	1.2	1.2	19911	high noise
 195	4000	0.9	0.9	24203	high noise
 196	4000	0.7	0.7	32119	high noise
 197	4000	0.8	0.8	30209	high noise
 198	4000	1.1	1.1	20810	high noise
 199	4000	0.7	0.7	35142	high noise
 200	4000	0.9	0.9	22338	high noise
 201	4000	0.7	0.7	32674	high noise
 202	4000	0.7	0.7	32371	high noise
 203	4000	0.6	0.6	38416	high noise
 204	4000	0.5	0.5	42711	high noise
 205	4000	0.8	0.8	30700	high noise
 206	4000	0.7	0.7	30787	high noise
 207	4000	0.9	0.9	23052	high noise
 208	4000	0.7	0.7	30096	high noise
 209	4000	0.6	0.6	37838	high noise
 210	4000	1.1	1.1	22245	high noise
 211	4000	0.9	0.9	27933	high noise
 212	4000	0.9	0.9	27070	high noise
 213	4000	0.6	0.6	40442	high noise
 214	4000	0.7	0.7	34937	high noise
 215	4000	1.2	1.2	19861	high noise
 216	4000	1.0	1.0	23264	high noise
 217	4000	0.5	0.5	49972	high noise
 218	4000	1.1	1.1	22959	high noise
 219	4000	0.8	0.8	28855	high noise
 220	4000	0.8	0.8	29449	high noise
 221	4000	0.9	0.9	24528	high noise
 222	4000	1.0	1.0	23208	high noise
 223	4000	0.8	0.8	30034	high noise
 224	4000	0.6	0.6	41251	high noise
 225	4000	0.9	0.9	27144	high noise
 226	4000	0.8	0.8	31913	high noise
 227	4000	0.8	0.8	23525	high noise
 228	4000	0.8	0.8	28627	high noise
 229	4000	0.8	0.8	28153	high noise
 230	4000	1.0	1.0	25288	high noise
 231	4000	1.0	1.0	22059	high noise
 232	4000	0.9	0.9	24416	high noise
 233	4000	0.7	0.7	33420	high noise
 234	4000	0.7	0.7	32328	high noise
 235	4000	1.0	1.0	23515	high noise
 236	4000	0.9	0.9	24773	high noise
 237	4000	0.8	0.8	28491	high noise
 238	4000	0.9	0.9	24376	high noise
 239	4000	1.1	1.1	20207	high noise
 240	4000	0.8	0.8	28192	high noise
 241	4000	1.0	1.0	22368	high noise
 242	4000	0.7	0.7	28213	high noise
 243	4000	0.9	0.9	27305	high noise
 244	4000	0.4	0.4	50672	high noise
 245	4000	0.8	0.8	27735	high noise
 246	4000	0.7	0.7	30436	high noise
 247	4000	0.9	0.9	24859	high noise
 248	4000	1.0	1.0	22018	high noise
 249	4000	0.6	0.6	44313	high noise
 250	4000	0.7	0.7	38462	high noise
 251	4000	0.8	0.8	30963	high noise
 252	4000	1.0	1.0	23537	high noise
 253	4000	0.8	0.8	30133	high noise
 254	4000	0.9	0.9	27253	high noise
 255	4000	0.4	0.4	60034	high noise
