#chan	code	gain	offset	innse	comment
   0	1100	0.0	0.0	   0	low gain
   1	4100	1.3	1.3	16786	low gain
   2	4100	1.0	1.0	22928	low gain
   3	1000	60.5	60.5	 529	unbonded
   4	4100	0.9	0.9	26767	low gain
   5	4100	1.4	1.4	22184	low gain
   6	4104	1.0	1.0	21642	low gain
   7	4100	1.2	1.2	19781	low gain
   8	4100	1.3	1.3	18286	low gain
   9	4100	1.1	1.1	20298	low gain
  10	4100	1.0	1.0	23702	low gain
  11	1000	56.7	56.7	 538	unbonded
  12	4100	1.4	1.4	18163	low gain
  13	4100	0.9	0.9	25204	low gain
  14	4100	0.9	0.9	24402	low gain
  15	4100	1.4	1.4	17165	low gain
  16	4100	1.1	1.1	22294	low gain
  17	4100	1.0	1.0	25468	low gain
  18	4100	1.2	1.2	19531	low gain
  19	1000	57.8	57.8	 523	unbonded
  20	4100	1.8	1.8	13264	low gain
  21	4100	1.5	1.5	15068	low gain
  22	4100	1.5	1.5	16342	low gain
  23	4100	1.1	1.1	21567	low gain
  24	4100	0.7	0.7	31763	low gain
  25	4100	1.2	1.2	20047	low gain
  26	4100	1.1	1.1	20899	low gain
  27	1000	58.5	58.5	 525	unbonded
  28	4100	1.4	1.4	15980	low gain
  29	4100	1.1	1.1	19445	low gain
  30	4100	0.9	0.9	27516	low gain
  31	4100	1.0	1.0	21861	low gain
  32	4100	1.4	1.4	15716	low gain
  33	4100	1.3	1.3	17802	low gain
  34	4100	0.9	0.9	26835	low gain
  35	   0	58.7	58.7	 554	OK
  36	4100	1.4	1.4	16597	low gain
  37	4100	1.4	1.4	17870	low gain
  38	4100	1.2	1.2	19633	low gain
  39	4100	1.0	1.0	24452	low gain
  40	4100	1.6	1.6	14797	low gain
  41	4100	0.9	0.9	24411	low gain
  42	4100	1.3	1.3	17094	low gain
  43	1000	58.1	58.1	 508	unbonded
  44	4100	1.4	1.4	17193	low gain
  45	4100	0.8	0.8	26838	low gain
  46	4100	1.4	1.4	17011	low gain
  47	4100	1.6	1.6	14155	low gain
  48	4100	1.2	1.2	19780	low gain
  49	4100	1.3	1.3	18553	low gain
  50	4100	1.3	1.3	19076	low gain
  51	1000	58.5	58.5	 530	unbonded
  52	4100	1.3	1.3	15581	low gain
  53	4100	1.0	1.0	20854	low gain
  54	4100	1.4	1.4	16468	low gain
  55	4100	1.5	1.5	15737	low gain
  56	4100	1.3	1.3	17956	low gain
  57	4100	1.2	1.2	21423	low gain
  58	4100	1.1	1.1	20853	low gain
  59	1000	59.9	59.9	 479	unbonded
  60	4100	1.6	1.6	14430	low gain
  61	4100	1.2	1.2	18608	low gain
  62	4100	1.1	1.1	21537	low gain
  63	4100	1.3	1.3	18311	low gain
  64	4100	1.3	1.3	18586	low gain
  65	4100	1.4	1.4	17456	low gain
  66	4100	1.2	1.2	21274	low gain
  67	1000	56.1	56.1	 490	unbonded
  68	4100	1.3	1.3	19924	low gain
  69	4100	1.2	1.2	18994	low gain
  70	4100	0.6	0.6	43668	low gain
  71	4100	0.7	0.7	31342	low gain
  72	4100	1.3	1.3	17322	low gain
  73	4104	1.3	1.3	18183	low gain
  74	4100	0.9	0.9	23917	low gain
  75	1000	59.4	59.4	 496	unbonded
  76	4100	1.6	1.6	13410	low gain
  77	4100	1.0	1.0	25135	low gain
  78	4100	0.6	0.6	42319	low gain
  79	4100	1.1	1.1	21635	low gain
  80	4100	0.9	0.9	28802	low gain
  81	4100	1.6	1.6	15233	low gain
  82	4100	0.3	0.3	76329	low gain
  83	1000	59.9	59.9	 483	unbonded
  84	4100	1.1	1.1	22271	low gain
  85	4100	1.5	1.5	17054	low gain
  86	4100	1.0	1.0	21954	low gain
  87	4100	1.0	1.0	23645	low gain
  88	4100	1.1	1.1	22898	low gain
  89	4100	1.2	1.2	20047	low gain
  90	4100	0.9	0.9	27529	low gain
  91	1000	58.6	58.6	 478	unbonded
  92	4100	1.4	1.4	18306	low gain
  93	4100	1.1	1.1	20114	low gain
  94	4100	1.0	1.0	21504	low gain
  95	4100	1.2	1.2	19683	low gain
  96	4100	0.9	0.9	26013	low gain
  97	4100	1.4	1.4	17289	low gain
  98	4100	1.0	1.0	24272	low gain
  99	1000	59.9	59.9	 515	unbonded
 100	4100	1.6	1.6	15678	low gain
 101	4100	0.9	0.9	26753	low gain
 102	4100	0.9	0.9	24582	low gain
 103	4100	0.8	0.8	28144	low gain
 104	4100	1.3	1.3	17213	low gain
 105	4100	1.3	1.3	18366	low gain
 106	4100	1.1	1.1	21365	low gain
 107	1000	58.4	58.4	 500	unbonded
 108	4100	1.2	1.2	19739	low gain
 109	4100	1.0	1.0	23846	low gain
 110	4100	0.8	0.8	25618	low gain
 111	4100	1.2	1.2	20063	low gain
 112	4100	1.5	1.5	15359	low gain
 113	4100	0.7	0.7	34152	low gain
 114	4100	1.4	1.4	16961	low gain
 115	1000	57.0	57.0	 512	unbonded
 116	4100	1.5	1.5	17078	low gain
 117	4100	0.9	0.9	26664	low gain
 118	4100	1.5	1.5	14977	low gain
 119	4100	1.2	1.2	19939	low gain
 120	4100	1.2	1.2	19942	low gain
 121	4100	1.3	1.3	19269	low gain
 122	4100	1.1	1.1	21449	low gain
 123	4000	62.9	62.9	 820	high noise
 124	4100	1.3	1.3	17477	low gain
 125	4100	0.9	0.9	25661	low gain
 126	4100	1.0	1.0	25650	low gain
 127	4100	1.2	1.2	19702	low gain
 128	1000	0.0	0.0	   0	unbonded
 129	4000	1.1	1.1	19980	high noise
 130	4000	1.3	1.3	17545	high noise
 131	4000	1.4	1.4	17799	high noise
 132	4000	1.0	1.0	25303	high noise
 133	4000	0.7	0.7	32529	high noise
 134	4000	1.2	1.2	18137	high noise
 135	4000	1.1	1.1	21682	high noise
 136	4000	1.2	1.2	19939	high noise
 137	4000	1.1	1.1	20801	high noise
 138	4000	0.9	0.9	25542	high noise
 139	4000	1.3	1.3	17156	high noise
 140	4000	1.1	1.1	21093	high noise
 141	4000	0.9	0.9	26492	high noise
 142	4000	1.2	1.2	19564	high noise
 143	4000	1.0	1.0	24603	high noise
 144	4000	1.4	1.4	16390	high noise
 145	4000	1.2	1.2	21157	high noise
 146	4000	1.4	1.4	18027	high noise
 147	4000	1.6	1.6	15177	high noise
 148	4000	0.8	0.8	28276	high noise
 149	4000	1.4	1.4	16519	high noise
 150	4000	0.9	0.9	26383	high noise
 151	4000	1.3	1.3	17882	high noise
 152	4000	1.3	1.3	17455	high noise
 153	4000	1.5	1.5	16710	high noise
 154	4000	1.5	1.5	15107	high noise
 155	4000	0.9	0.9	25154	high noise
 156	4000	1.1	1.1	21308	high noise
 157	4000	1.3	1.3	17343	high noise
 158	4000	0.8	0.8	27172	high noise
 159	4000	0.8	0.8	28856	high noise
 160	4000	1.7	1.7	14311	high noise
 161	4000	1.6	1.6	15154	high noise
 162	4000	1.0	1.0	23197	high noise
 163	4000	0.8	0.8	29102	high noise
 164	4000	1.1	1.1	21441	high noise
 165	4000	0.9	0.9	24861	high noise
 166	4000	1.6	1.6	14149	high noise
 167	4000	1.0	1.0	24990	high noise
 168	4000	1.5	1.5	14252	high noise
 169	4000	1.2	1.2	17512	high noise
 170	4000	1.1	1.1	20297	high noise
 171	4000	1.3	1.3	19013	high noise
 172	4000	1.5	1.5	14591	high noise
 173	4000	0.8	0.8	32184	high noise
 174	4000	1.5	1.5	15320	high noise
 175	4000	0.8	0.8	26009	high noise
 176	4000	1.4	1.4	17265	high noise
 177	4000	0.9	0.9	24556	high noise
 178	4000	0.9	0.9	26948	high noise
 179	4000	1.2	1.2	17896	high noise
 180	4000	1.1	1.1	21479	high noise
 181	4000	1.2	1.2	18311	high noise
 182	4000	1.0	1.0	24788	high noise
 183	4000	1.5	1.5	15267	high noise
 184	4000	1.0	1.0	24183	high noise
 185	4000	0.7	0.7	33387	high noise
 186	4000	1.2	1.2	20866	high noise
 187	4000	0.8	0.8	30183	high noise
 188	4000	1.4	1.4	17299	high noise
 189	4000	1.7	1.7	14668	high noise
 190	4000	1.0	1.0	25159	high noise
 191	4000	0.8	0.8	27917	high noise
 192	4000	1.6	1.6	16129	high noise
 193	4000	1.0	1.0	25093	high noise
 194	4000	1.0	1.0	22453	high noise
 195	4000	1.0	1.0	22653	high noise
 196	4000	1.0	1.0	23859	high noise
 197	4000	1.2	1.2	19859	high noise
 198	4000	1.3	1.3	17984	high noise
 199	4000	1.1	1.1	21410	high noise
 200	4000	0.6	0.6	36303	high noise
 201	4000	0.9	0.9	25709	high noise
 202	4000	1.8	1.8	12603	high noise
 203	4000	1.0	1.0	21318	high noise
 204	4000	1.3	1.3	18118	high noise
 205	4000	0.6	0.6	35011	high noise
 206	4000	1.5	1.5	15586	high noise
 207	4000	0.7	0.7	31266	high noise
 208	4000	1.1	1.1	19206	high noise
 209	4000	1.1	1.1	21080	high noise
 210	4000	1.3	1.3	19591	high noise
 211	4000	0.9	0.9	26724	high noise
 212	4000	0.7	0.7	30560	high noise
 213	4000	1.2	1.2	21561	high noise
 214	4000	1.0	1.0	23196	high noise
 215	4000	1.1	1.1	20811	high noise
 216	4000	0.7	0.7	29443	high noise
 217	4000	1.0	1.0	24029	high noise
 218	4000	1.1	1.1	21405	high noise
 219	4000	1.4	1.4	16624	high noise
 220	4000	0.9	0.9	24465	high noise
 221	4000	1.2	1.2	20543	high noise
 222	4000	1.1	1.1	19417	high noise
 223	4000	1.5	1.5	17577	high noise
 224	4000	1.1	1.1	23227	high noise
 225	4000	1.3	1.3	18340	high noise
 226	4000	1.4	1.4	16966	high noise
 227	4000	1.0	1.0	23223	high noise
 228	4000	1.3	1.3	19305	high noise
 229	4000	1.6	1.6	15356	high noise
 230	4000	1.4	1.4	16756	high noise
 231	4000	1.0	1.0	21261	high noise
 232	4000	1.2	1.2	20100	high noise
 233	4000	0.7	0.7	31707	high noise
 234	4000	0.9	0.9	25678	high noise
 235	4000	1.4	1.4	16523	high noise
 236	4000	1.4	1.4	16404	high noise
 237	4000	0.9	0.9	25745	high noise
 238	4000	1.1	1.1	19924	high noise
 239	4000	1.4	1.4	16955	high noise
 240	4000	1.1	1.1	20433	high noise
 241	4000	0.7	0.7	32654	high noise
 242	4000	1.2	1.2	21020	high noise
 243	4000	1.0	1.0	21051	high noise
 244	4000	1.2	1.2	18189	high noise
 245	4000	0.8	0.8	30233	high noise
 246	4000	0.9	0.9	22560	high noise
 247	4000	0.7	0.7	37338	high noise
 248	4000	1.0	1.0	21445	high noise
 249	4000	1.2	1.2	18926	high noise
 250	4000	1.4	1.4	19064	high noise
 251	4000	1.1	1.1	21183	high noise
 252	4000	0.5	0.5	45065	high noise
 253	4000	1.5	1.5	15958	high noise
 254	4000	1.3	1.3	17957	high noise
 255	4000	1.0	1.0	23718	high noise
