#chan	code	gain	offset	innse	comment
   0	1100	0.0	0.0	   0	low gain
   1	4100	1.4	1.4	16646	low gain
   2	4100	1.2	1.2	18212	low gain
   3	4100	1.5	1.5	15531	low gain
   4	4100	1.2	1.2	21246	low gain
   5	4000	74.1	74.1	 599	high noise
   6	4104	1.4	1.4	15522	low gain
   7	4100	1.2	1.2	21079	low gain
   8	4100	1.4	1.4	16731	low gain
   9	4100	1.2	1.2	19990	low gain
  10	4100	1.3	1.3	17837	low gain
  11	4100	1.2	1.2	19035	low gain
  12	4100	1.1	1.1	21769	low gain
  13	1000	73.6	73.6	 405	unbonded
  14	4100	1.6	1.6	14199	low gain
  15	4100	1.4	1.4	16505	low gain
  16	4100	1.2	1.2	20131	low gain
  17	4100	1.3	1.3	17718	low gain
  18	4100	1.1	1.1	21343	low gain
  19	4100	1.7	1.7	13873	low gain
  20	4100	1.5	1.5	15330	low gain
  21	1000	75.2	75.2	 398	unbonded
  22	4100	1.3	1.3	18548	low gain
  23	4100	1.0	1.0	23057	low gain
  24	4100	1.0	1.0	23741	low gain
  25	4100	1.4	1.4	17133	low gain
  26	4100	0.9	0.9	24960	low gain
  27	4100	1.6	1.6	14198	low gain
  28	4100	1.1	1.1	20964	low gain
  29	1000	73.5	73.5	 393	unbonded
  30	4100	1.0	1.0	20990	low gain
  31	4100	1.3	1.3	18349	low gain
  32	4100	1.0	1.0	22802	low gain
  33	4100	1.1	1.1	20493	low gain
  34	4100	1.0	1.0	23782	low gain
  35	4100	0.7	0.7	31899	low gain
  36	4100	1.1	1.1	18992	low gain
  37	1000	73.9	73.9	 405	unbonded
  38	4100	1.5	1.5	14325	low gain
  39	4100	1.1	1.1	21893	low gain
  40	4100	1.2	1.2	22525	low gain
  41	4100	1.6	1.6	14759	low gain
  42	4100	1.0	1.0	23152	low gain
  43	4100	0.9	0.9	25207	low gain
  44	4100	1.0	1.0	22511	low gain
  45	1000	75.2	75.2	 415	unbonded
  46	4100	1.4	1.4	15943	low gain
  47	4100	1.7	1.7	13311	low gain
  48	4100	1.5	1.5	15189	low gain
  49	4100	1.2	1.2	19358	low gain
  50	4100	1.3	1.3	18616	low gain
  51	4100	1.4	1.4	18256	low gain
  52	4100	1.2	1.2	17052	low gain
  53	1000	73.3	73.3	 411	unbonded
  54	4100	1.1	1.1	20557	low gain
  55	4100	0.5	0.5	46483	low gain
  56	4100	1.2	1.2	21238	low gain
  57	4100	1.2	1.2	20463	low gain
  58	4100	1.6	1.6	13593	low gain
  59	4100	1.8	1.8	13950	low gain
  60	4100	1.3	1.3	18064	low gain
  61	1000	74.5	74.5	 431	unbonded
  62	4100	1.3	1.3	18055	low gain
  63	4100	1.4	1.4	17025	low gain
  64	4100	1.2	1.2	19851	low gain
  65	4100	1.3	1.3	18384	low gain
  66	4100	1.5	1.5	15614	low gain
  67	4100	0.6	0.6	36064	low gain
  68	4100	1.9	1.9	12401	low gain
  69	1000	77.3	77.3	 430	unbonded
  70	4100	1.9	1.9	12808	low gain
  71	4100	1.5	1.5	15490	low gain
  72	4100	1.1	1.1	22140	low gain
  73	4104	1.3	1.3	17992	low gain
  74	4100	1.2	1.2	19921	low gain
  75	4100	1.6	1.6	15032	low gain
  76	4100	1.2	1.2	19185	low gain
  77	1000	75.6	75.6	 434	unbonded
  78	4100	1.8	1.8	13175	low gain
  79	4100	1.0	1.0	25216	low gain
  80	4100	1.4	1.4	16902	low gain
  81	4100	1.3	1.3	19417	low gain
  82	4100	1.3	1.3	17689	low gain
  83	4100	1.7	1.7	14199	low gain
  84	4100	0.9	0.9	27349	low gain
  85	1000	75.7	75.7	 399	unbonded
  86	4100	1.1	1.1	20574	low gain
  87	4100	1.4	1.4	17323	low gain
  88	4100	0.9	0.9	28234	low gain
  89	4100	1.2	1.2	18498	low gain
  90	4100	1.0	1.0	24548	low gain
  91	4100	1.1	1.1	20154	low gain
  92	4100	1.5	1.5	16147	low gain
  93	1000	77.0	77.0	 406	unbonded
  94	4100	1.6	1.6	16003	low gain
  95	4100	1.1	1.1	21023	low gain
  96	4100	1.7	1.7	12989	low gain
  97	4100	1.1	1.1	21677	low gain
  98	4100	1.1	1.1	20722	low gain
  99	4100	1.7	1.7	13178	low gain
 100	4100	1.3	1.3	18699	low gain
 101	1000	76.1	76.1	 413	unbonded
 102	4100	1.7	1.7	13168	low gain
 103	4100	1.5	1.5	16366	low gain
 104	4100	1.3	1.3	17716	low gain
 105	4100	1.5	1.5	15399	low gain
 106	4100	1.3	1.3	17346	low gain
 107	4100	1.0	1.0	25746	low gain
 108	4100	1.2	1.2	18155	low gain
 109	1000	75.2	75.2	 390	unbonded
 110	4100	1.2	1.2	19622	low gain
 111	4100	1.5	1.5	15831	low gain
 112	4100	1.3	1.3	18473	low gain
 113	4100	0.8	0.8	28387	low gain
 114	4100	1.1	1.1	20487	low gain
 115	4100	1.1	1.1	19958	low gain
 116	4100	1.4	1.4	15426	low gain
 117	1000	76.2	76.2	 385	unbonded
 118	4100	1.3	1.3	18257	low gain
 119	4100	1.1	1.1	22250	low gain
 120	4100	1.1	1.1	22385	low gain
 121	4100	1.4	1.4	17377	low gain
 122	4100	1.4	1.4	17264	low gain
 123	4100	1.4	1.4	22703	low gain
 124	4100	1.1	1.1	20914	low gain
 125	1000	75.9	75.9	 420	unbonded
 126	4100	1.9	1.9	13471	low gain
 127	4100	1.8	1.8	12648	low gain
 128	1000	0.0	0.0	   0	unbonded
 129	4000	1.3	1.3	18304	high noise
 130	4000	1.6	1.6	14775	high noise
 131	4000	1.5	1.5	14604	high noise
 132	4000	1.2	1.2	20049	high noise
 133	4000	1.1	1.1	20989	high noise
 134	4000	1.3	1.3	17512	high noise
 135	4000	1.2	1.2	20038	high noise
 136	4000	0.9	0.9	29867	high noise
 137	4000	1.1	1.1	20214	high noise
 138	4000	1.4	1.4	16180	high noise
 139	4000	1.4	1.4	15705	high noise
 140	4000	0.8	0.8	27623	high noise
 141	4000	1.4	1.4	16194	high noise
 142	4000	1.4	1.4	16655	high noise
 143	4000	1.2	1.2	18346	high noise
 144	4000	1.2	1.2	18042	high noise
 145	4000	1.6	1.6	15005	high noise
 146	4000	1.0	1.0	23318	high noise
 147	4000	1.1	1.1	22304	high noise
 148	4000	1.1	1.1	22068	high noise
 149	4000	1.4	1.4	16519	high noise
 150	4000	0.9	0.9	24864	high noise
 151	4000	1.4	1.4	16521	high noise
 152	4000	1.4	1.4	16786	high noise
 153	4000	1.2	1.2	19623	high noise
 154	4000	0.9	0.9	24120	high noise
 155	4000	1.1	1.1	20982	high noise
 156	4000	1.1	1.1	19742	high noise
 157	4000	1.2	1.2	19794	high noise
 158	4000	1.2	1.2	17748	high noise
 159	4000	1.0	1.0	22364	high noise
 160	4000	1.3	1.3	17229	high noise
 161	4000	1.0	1.0	20703	high noise
 162	4000	1.2	1.2	20767	high noise
 163	4000	1.1	1.1	21605	high noise
 164	4000	1.2	1.2	17951	high noise
 165	4000	1.2	1.2	17815	high noise
 166	4000	1.1	1.1	19382	high noise
 167	4000	1.2	1.2	19817	high noise
 168	4000	1.0	1.0	22784	high noise
 169	4000	1.4	1.4	14949	high noise
 170	4000	1.3	1.3	18332	high noise
 171	4000	1.5	1.5	15994	high noise
 172	4000	0.9	0.9	26808	high noise
 173	4000	1.4	1.4	16928	high noise
 174	4000	1.2	1.2	17515	high noise
 175	4000	1.2	1.2	18594	high noise
 176	4000	1.6	1.6	13756	high noise
 177	4000	1.2	1.2	18562	high noise
 178	4000	1.8	1.8	13020	high noise
 179	4000	0.9	0.9	25238	high noise
 180	4000	1.1	1.1	20642	high noise
 181	4000	1.3	1.3	17858	high noise
 182	4000	1.2	1.2	21331	high noise
 183	4000	1.3	1.3	17990	high noise
 184	4000	1.1	1.1	22689	high noise
 185	4000	1.2	1.2	19388	high noise
 186	4000	0.7	0.7	32316	high noise
 187	4000	0.8	0.8	30926	high noise
 188	4000	1.0	1.0	22904	high noise
 189	4000	1.4	1.4	18186	high noise
 190	4000	0.5	0.5	44358	high noise
 191	4000	1.6	1.6	16522	high noise
 192	4000	1.8	1.8	13418	high noise
 193	4000	1.3	1.3	17990	high noise
 194	4000	1.4	1.4	16195	high noise
 195	4000	1.5	1.5	15214	high noise
 196	4000	1.4	1.4	16589	high noise
 197	4000	1.3	1.3	16972	high noise
 198	4000	1.4	1.4	17601	high noise
 199	4000	1.1	1.1	21876	high noise
 200	4000	1.2	1.2	17397	high noise
 201	4000	1.3	1.3	17598	high noise
 202	4000	1.2	1.2	18930	high noise
 203	4000	1.3	1.3	15856	high noise
 204	4000	1.6	1.6	15566	high noise
 205	4000	1.2	1.2	18339	high noise
 206	4000	1.4	1.4	16649	high noise
 207	4000	1.1	1.1	20006	high noise
 208	4000	0.8	0.8	25155	high noise
 209	4000	1.1	1.1	21232	high noise
 210	4000	1.4	1.4	16959	high noise
 211	4000	1.4	1.4	17808	high noise
 212	4000	0.9	0.9	24178	high noise
 213	4000	1.3	1.3	19228	high noise
 214	4000	1.6	1.6	13906	high noise
 215	4000	1.6	1.6	15537	high noise
 216	4000	1.5	1.5	14810	high noise
 217	4000	1.3	1.3	18123	high noise
 218	4000	1.1	1.1	23641	high noise
 219	4000	1.0	1.0	24506	high noise
 220	4000	1.4	1.4	16163	high noise
 221	4000	0.8	0.8	28361	high noise
 222	4000	1.0	1.0	22877	high noise
 223	4000	1.5	1.5	16066	high noise
 224	4000	1.2	1.2	20245	high noise
 225	4000	1.5	1.5	17040	high noise
 226	4000	1.4	1.4	17098	high noise
 227	4000	0.7	0.7	31863	high noise
 228	4000	1.1	1.1	21775	high noise
 229	4000	1.4	1.4	16106	high noise
 230	4000	0.9	0.9	25464	high noise
 231	4000	1.6	1.6	14193	high noise
 232	4000	1.0	1.0	21533	high noise
 233	4000	1.0	1.0	22668	high noise
 234	4000	0.8	0.8	29053	high noise
 235	4000	1.0	1.0	23391	high noise
 236	4000	0.8	0.8	28526	high noise
 237	4000	1.2	1.2	17631	high noise
 238	4000	1.6	1.6	14300	high noise
 239	4000	1.5	1.5	15681	high noise
 240	4000	1.2	1.2	17942	high noise
 241	4000	0.9	0.9	26967	high noise
 242	4000	1.3	1.3	18374	high noise
 243	4000	0.9	0.9	27189	high noise
 244	4000	1.4	1.4	15267	high noise
 245	4000	1.3	1.3	17219	high noise
 246	4000	1.0	1.0	22753	high noise
 247	4000	1.0	1.0	24517	high noise
 248	4000	1.5	1.5	15625	high noise
 249	4000	1.3	1.3	18757	high noise
 250	4000	0.9	0.9	26311	high noise
 251	4000	1.4	1.4	17541	high noise
 252	4000	1.1	1.1	20547	high noise
 253	4000	1.0	1.0	23583	high noise
 254	4000	0.9	0.9	25116	high noise
 255	4000	0.9	0.9	25831	high noise
