#chan	code	gain	offset	innse	comment
   0	1100	0.0	0.0	   0	low gain
   1	4100	1.3	1.3	18556	low gain
   2	4100	1.0	1.0	22603	low gain
   3	1000	79.8	79.8	 431	unbonded
   4	4100	1.6	1.6	14735	low gain
   5	4100	1.2	1.2	25543	low gain
   6	4104	1.1	1.1	18642	low gain
   7	4100	1.3	1.3	17349	low gain
   8	4100	1.8	1.8	12342	low gain
   9	4100	1.1	1.1	20962	low gain
  10	4100	1.3	1.3	17333	low gain
  11	1000	77.2	77.2	 365	unbonded
  12	4100	1.3	1.3	19748	low gain
  13	4100	1.4	1.4	15575	low gain
  14	4100	0.9	0.9	26087	low gain
  15	4100	1.3	1.3	18555	low gain
  16	4100	1.2	1.2	19431	low gain
  17	4100	1.7	1.7	14924	low gain
  18	4100	1.7	1.7	13457	low gain
  19	1000	77.3	77.3	 357	unbonded
  20	4100	1.6	1.6	14193	low gain
  21	4100	1.1	1.1	18924	low gain
  22	4100	1.6	1.6	14768	low gain
  23	4100	1.2	1.2	18503	low gain
  24	4100	1.4	1.4	15501	low gain
  25	4100	1.1	1.1	22273	low gain
  26	4100	1.4	1.4	18887	low gain
  27	1000	77.3	77.3	 408	unbonded
  28	4100	1.5	1.5	15499	low gain
  29	4100	1.1	1.1	20752	low gain
  30	4100	1.2	1.2	20999	low gain
  31	4100	1.0	1.0	21971	low gain
  32	4100	1.0	1.0	23843	low gain
  33	4100	1.2	1.2	19351	low gain
  34	4100	1.2	1.2	18900	low gain
  35	1000	77.5	77.5	 417	unbonded
  36	4100	1.6	1.6	14854	low gain
  37	4100	1.5	1.5	15999	low gain
  38	4100	1.5	1.5	15113	low gain
  39	4100	0.9	0.9	23304	low gain
  40	4100	1.1	1.1	20781	low gain
  41	4100	1.5	1.5	15553	low gain
  42	4100	1.4	1.4	15550	low gain
  43	1000	77.6	77.6	 385	unbonded
  44	4100	1.7	1.7	14004	low gain
  45	4100	1.4	1.4	16606	low gain
  46	4100	0.9	0.9	27716	low gain
  47	4100	1.7	1.7	13118	low gain
  48	4100	1.2	1.2	19585	low gain
  49	4100	1.0	1.0	21801	low gain
  50	4100	1.4	1.4	16767	low gain
  51	1000	77.7	77.7	 399	unbonded
  52	4100	1.3	1.3	15923	low gain
  53	4100	1.4	1.4	14988	low gain
  54	4100	1.3	1.3	16329	low gain
  55	4100	1.0	1.0	23078	low gain
  56	4100	1.2	1.2	20162	low gain
  57	4100	0.9	0.9	26700	low gain
  58	4100	1.7	1.7	14248	low gain
  59	1000	79.2	79.2	 371	unbonded
  60	4100	1.3	1.3	17192	low gain
  61	4100	0.8	0.8	32427	low gain
  62	4100	1.5	1.5	14530	low gain
  63	4100	0.7	0.7	33911	low gain
  64	4100	1.1	1.1	21113	low gain
  65	4100	1.3	1.3	18950	low gain
  66	4100	1.9	1.9	13224	low gain
  67	1000	75.7	75.7	 378	unbonded
  68	4100	1.7	1.7	14209	low gain
  69	4100	1.2	1.2	18978	low gain
  70	4100	1.2	1.2	20545	low gain
  71	4100	1.2	1.2	19823	low gain
  72	4100	1.2	1.2	19330	low gain
  73	4104	1.4	1.4	16103	low gain
  74	4100	1.3	1.3	18790	low gain
  75	1000	79.2	79.2	 402	unbonded
  76	4100	1.1	1.1	18344	low gain
  77	4100	1.3	1.3	17216	low gain
  78	4100	1.1	1.1	22164	low gain
  79	4100	0.9	0.9	26610	low gain
  80	4100	0.9	0.9	25809	low gain
  81	4100	1.3	1.3	18956	low gain
  82	4100	0.9	0.9	26781	low gain
  83	1000	78.8	78.8	 409	unbonded
  84	4100	1.4	1.4	16080	low gain
  85	4100	1.4	1.4	16985	low gain
  86	4100	1.2	1.2	18269	low gain
  87	4100	1.2	1.2	18737	low gain
  88	4100	1.5	1.5	15455	low gain
  89	4100	1.2	1.2	19503	low gain
  90	4100	1.1	1.1	23354	low gain
  91	1000	78.0	78.0	 400	unbonded
  92	4100	1.7	1.7	13428	low gain
  93	4100	1.6	1.6	15730	low gain
  94	4100	1.2	1.2	19998	low gain
  95	4100	1.2	1.2	20674	low gain
  96	4100	1.0	1.0	21801	low gain
  97	4100	1.5	1.5	15857	low gain
  98	4100	1.3	1.3	18362	low gain
  99	1000	79.4	79.4	 405	unbonded
 100	4100	1.1	1.1	19781	low gain
 101	4100	1.1	1.1	22173	low gain
 102	4100	1.5	1.5	14949	low gain
 103	4100	1.0	1.0	24516	low gain
 104	4100	1.2	1.2	20022	low gain
 105	4100	1.4	1.4	16988	low gain
 106	4100	1.1	1.1	21597	low gain
 107	1000	77.5	77.5	 387	unbonded
 108	4100	1.9	1.9	12565	low gain
 109	4100	1.2	1.2	19348	low gain
 110	4100	0.9	0.9	26157	low gain
 111	4100	0.9	0.9	27340	low gain
 112	4100	1.4	1.4	16793	low gain
 113	4100	1.6	1.6	16130	low gain
 114	4100	1.0	1.0	21990	low gain
 115	1000	76.2	76.2	 390	unbonded
 116	4100	1.6	1.6	14263	low gain
 117	4100	1.2	1.2	18347	low gain
 118	4100	1.4	1.4	16600	low gain
 119	4100	1.3	1.3	17726	low gain
 120	4100	1.1	1.1	21385	low gain
 121	4100	1.3	1.3	17935	low gain
 122	4100	1.4	1.4	17337	low gain
 123	4000	76.1	76.1	 730	high noise
 124	4100	1.8	1.8	13245	low gain
 125	4100	1.0	1.0	24371	low gain
 126	4100	1.2	1.2	20595	low gain
 127	4100	1.4	1.4	17046	low gain
 128	1000	0.0	0.0	   0	unbonded
 129	4000	1.6	1.6	14522	high noise
 130	4000	1.7	1.7	13766	high noise
 131	4000	1.3	1.3	17920	high noise
 132	4000	1.2	1.2	20267	high noise
 133	4000	1.4	1.4	16960	high noise
 134	4000	1.1	1.1	19745	high noise
 135	4000	1.2	1.2	18594	high noise
 136	4000	1.3	1.3	17996	high noise
 137	4000	1.4	1.4	17547	high noise
 138	4000	1.3	1.3	18483	high noise
 139	4000	1.1	1.1	19962	high noise
 140	4000	1.1	1.1	23054	high noise
 141	4000	1.2	1.2	19203	high noise
 142	4000	1.4	1.4	17650	high noise
 143	4000	0.9	0.9	25367	high noise
 144	4000	1.7	1.7	13388	high noise
 145	4000	1.5	1.5	16763	high noise
 146	4000	0.8	0.8	27733	high noise
 147	4000	1.2	1.2	19834	high noise
 148	4000	1.2	1.2	17675	high noise
 149	4000	1.5	1.5	16134	high noise
 150	4000	1.5	1.5	15700	high noise
 151	4000	1.2	1.2	18693	high noise
 152	4000	1.2	1.2	19814	high noise
 153	4000	1.2	1.2	17870	high noise
 154	4000	1.5	1.5	15098	high noise
 155	4000	1.0	1.0	23788	high noise
 156	4000	1.1	1.1	20899	high noise
 157	4000	1.0	1.0	22244	high noise
 158	4000	1.0	1.0	22763	high noise
 159	4000	1.1	1.1	20613	high noise
 160	4000	1.2	1.2	20077	high noise
 161	4000	1.3	1.3	17658	high noise
 162	4000	1.1	1.1	19830	high noise
 163	4000	1.1	1.1	21605	high noise
 164	4000	1.1	1.1	21820	high noise
 165	4000	1.0	1.0	20084	high noise
 166	4000	1.0	1.0	25316	high noise
 167	4000	1.1	1.1	20087	high noise
 168	4000	0.7	0.7	36406	high noise
 169	4000	1.6	1.6	14035	high noise
 170	4000	1.1	1.1	19698	high noise
 171	4000	1.6	1.6	14145	high noise
 172	4000	0.7	0.7	34380	high noise
 173	4000	1.4	1.4	16912	high noise
 174	4000	1.1	1.1	20201	high noise
 175	4000	1.3	1.3	17823	high noise
 176	4000	1.6	1.6	14557	high noise
 177	4000	1.2	1.2	18810	high noise
 178	4000	0.8	0.8	28711	high noise
 179	4000	0.9	0.9	26398	high noise
 180	4000	1.0	1.0	21404	high noise
 181	4000	1.2	1.2	18510	high noise
 182	4000	1.0	1.0	22155	high noise
 183	4000	1.6	1.6	14698	high noise
 184	4000	1.2	1.2	21600	high noise
 185	4000	1.2	1.2	17191	high noise
 186	4000	1.5	1.5	13932	high noise
 187	4000	1.1	1.1	21536	high noise
 188	4000	1.6	1.6	14350	high noise
 189	4000	1.6	1.6	14515	high noise
 190	4000	1.4	1.4	17496	high noise
 191	4000	1.6	1.6	14519	high noise
 192	4000	2.2	2.2	11077	high noise
 193	4000	0.9	0.9	26412	high noise
 194	4000	1.3	1.3	18869	high noise
 195	4000	1.1	1.1	20050	high noise
 196	4000	0.9	0.9	27063	high noise
 197	4000	1.3	1.3	15955	high noise
 198	4000	1.4	1.4	15487	high noise
 199	4000	1.6	1.6	14574	high noise
 200	4000	1.6	1.6	14280	high noise
 201	4000	1.6	1.6	13986	high noise
 202	4000	1.4	1.4	17454	high noise
 203	4000	1.0	1.0	20590	high noise
 204	4000	1.5	1.5	16294	high noise
 205	4000	1.1	1.1	20831	high noise
 206	4000	1.6	1.6	14234	high noise
 207	4000	1.2	1.2	19365	high noise
 208	4000	1.5	1.5	15273	high noise
 209	4000	1.2	1.2	18939	high noise
 210	4000	1.6	1.6	15683	high noise
 211	4000	1.0	1.0	22713	high noise
 212	4000	1.0	1.0	24010	high noise
 213	4000	1.4	1.4	17778	high noise
 214	4000	1.5	1.5	14927	high noise
 215	4000	1.5	1.5	15918	high noise
 216	4000	1.0	1.0	24097	high noise
 217	4000	1.4	1.4	16656	high noise
 218	4000	1.3	1.3	19500	high noise
 219	4000	1.3	1.3	18085	high noise
 220	4000	0.9	0.9	28438	high noise
 221	4000	1.0	1.0	20323	high noise
 222	4000	1.2	1.2	19294	high noise
 223	4000	1.1	1.1	23601	high noise
 224	4000	1.7	1.7	14663	high noise
 225	4000	1.3	1.3	18980	high noise
 226	4000	1.4	1.4	17168	high noise
 227	4000	0.8	0.8	29216	high noise
 228	4000	1.0	1.0	19995	high noise
 229	4000	1.0	1.0	23090	high noise
 230	4000	1.3	1.3	18155	high noise
 231	4000	1.4	1.4	17078	high noise
 232	4000	1.1	1.1	20858	high noise
 233	4000	0.9	0.9	26266	high noise
 234	4000	1.1	1.1	19831	high noise
 235	4000	1.6	1.6	15251	high noise
 236	4000	1.3	1.3	17151	high noise
 237	4000	1.3	1.3	17101	high noise
 238	4000	1.1	1.1	21167	high noise
 239	4000	1.3	1.3	18581	high noise
 240	4000	1.4	1.4	16259	high noise
 241	4000	1.1	1.1	22064	high noise
 242	4000	1.8	1.8	13382	high noise
 243	4000	1.0	1.0	23630	high noise
 244	4000	1.1	1.1	18865	high noise
 245	4000	1.4	1.4	17150	high noise
 246	4000	1.2	1.2	18000	high noise
 247	4000	1.2	1.2	20016	high noise
 248	4000	1.4	1.4	15941	high noise
 249	4000	1.3	1.3	17895	high noise
 250	4000	1.8	1.8	12217	high noise
 251	4000	1.6	1.6	14580	high noise
 252	4000	1.3	1.3	17536	high noise
 253	4000	0.8	0.8	28367	high noise
 254	4000	1.0	1.0	23847	high noise
 255	4000	1.4	1.4	17970	high noise
