#chan	code	gain	offset	innse	comment
   0	1100	0.0	0.0	   0	low gain
   1	4100	1.2	1.2	18132	low gain
   2	4100	1.1	1.1	21876	low gain
   3	4100	1.2	1.2	20807	low gain
   4	4100	1.3	1.3	18829	low gain
   5	1000	78.6	78.6	 526	unbonded
   6	4104	1.1	1.1	20341	low gain
   7	4100	1.2	1.2	19755	low gain
   8	4100	1.5	1.5	14523	low gain
   9	4100	1.6	1.6	14021	low gain
  10	4100	1.4	1.4	17021	low gain
  11	4100	1.3	1.3	17417	low gain
  12	4100	1.1	1.1	22009	low gain
  13	1000	75.1	75.1	 422	unbonded
  14	4100	1.5	1.5	16929	low gain
  15	4100	1.1	1.1	19667	low gain
  16	4100	1.8	1.8	13186	low gain
  17	4100	1.6	1.6	14516	low gain
  18	4100	1.4	1.4	15770	low gain
  19	4100	1.8	1.8	13479	low gain
  20	4100	1.6	1.6	13359	low gain
  21	1000	74.8	74.8	 410	unbonded
  22	4100	1.6	1.6	15175	low gain
  23	4100	1.3	1.3	18524	low gain
  24	4100	1.3	1.3	17411	low gain
  25	4100	1.3	1.3	16701	low gain
  26	4100	1.4	1.4	16884	low gain
  27	4100	1.7	1.7	13768	low gain
  28	4100	1.4	1.4	14972	low gain
  29	1000	74.8	74.8	 406	unbonded
  30	4100	1.6	1.6	14526	low gain
  31	4100	1.4	1.4	17817	low gain
  32	4100	1.3	1.3	19218	low gain
  33	4100	1.2	1.2	20963	low gain
  34	4100	0.9	0.9	23777	low gain
  35	4100	1.6	1.6	15367	low gain
  36	4100	0.9	0.9	25936	low gain
  37	1000	74.5	74.5	 386	unbonded
  38	4100	1.7	1.7	13557	low gain
  39	4100	1.1	1.1	21933	low gain
  40	4100	1.1	1.1	20671	low gain
  41	4100	1.1	1.1	21559	low gain
  42	4100	1.5	1.5	15352	low gain
  43	4100	0.9	0.9	25869	low gain
  44	4100	0.7	0.7	30970	low gain
  45	1000	75.6	75.6	 377	unbonded
  46	4100	1.5	1.5	16024	low gain
  47	4100	1.5	1.5	15857	low gain
  48	4100	1.2	1.2	19701	low gain
  49	4100	0.9	0.9	24693	low gain
  50	4100	1.1	1.1	20879	low gain
  51	4100	1.3	1.3	18354	low gain
  52	4100	1.6	1.6	12077	low gain
  53	1000	74.6	74.6	 382	unbonded
  54	4100	1.8	1.8	11335	low gain
  55	4100	1.8	1.8	14226	low gain
  56	4100	0.7	0.7	32412	low gain
  57	4100	1.6	1.6	15061	low gain
  58	4100	1.2	1.2	18188	low gain
  59	4100	1.4	1.4	18135	low gain
  60	4100	1.4	1.4	15540	low gain
  61	1000	74.6	74.6	 404	unbonded
  62	4100	1.5	1.5	16025	low gain
  63	4100	1.7	1.7	14557	low gain
  64	4100	1.1	1.1	22350	low gain
  65	4100	1.9	1.9	12638	low gain
  66	4100	1.5	1.5	16297	low gain
  67	4100	1.4	1.4	15873	low gain
  68	4100	1.4	1.4	16202	low gain
  69	1000	77.2	77.2	 400	unbonded
  70	4100	1.3	1.3	19010	low gain
  71	4100	1.2	1.2	18241	low gain
  72	4100	1.3	1.3	19126	low gain
  73	4104	1.2	1.2	16854	low gain
  74	4100	1.4	1.4	16979	low gain
  75	4100	1.6	1.6	15403	low gain
  76	4100	1.2	1.2	17667	low gain
  77	1000	76.1	76.1	 377	unbonded
  78	4100	1.4	1.4	16832	low gain
  79	4100	1.0	1.0	23306	low gain
  80	4100	0.9	0.9	27060	low gain
  81	4100	1.0	1.0	24711	low gain
  82	4100	1.2	1.2	17931	low gain
  83	4100	1.2	1.2	20683	low gain
  84	4100	1.3	1.3	19364	low gain
  85	1000	75.1	75.1	 381	unbonded
  86	4100	1.8	1.8	13315	low gain
  87	4100	1.4	1.4	16265	low gain
  88	4100	1.4	1.4	16972	low gain
  89	4100	1.7	1.7	13324	low gain
  90	4100	1.3	1.3	18902	low gain
  91	4100	1.7	1.7	14997	low gain
  92	4100	1.5	1.5	17089	low gain
  93	1000	77.2	77.2	 374	unbonded
  94	4100	1.3	1.3	17769	low gain
  95	4100	1.3	1.3	17165	low gain
  96	4100	1.0	1.0	21543	low gain
  97	4100	1.5	1.5	15557	low gain
  98	4100	1.2	1.2	17751	low gain
  99	4100	1.4	1.4	17026	low gain
 100	4100	1.1	1.1	21439	low gain
 101	1000	77.2	77.2	 395	unbonded
 102	4100	1.6	1.6	14478	low gain
 103	4100	1.3	1.3	19600	low gain
 104	4100	1.3	1.3	18781	low gain
 105	4100	1.6	1.6	15140	low gain
 106	4100	1.4	1.4	16783	low gain
 107	4100	1.5	1.5	14901	low gain
 108	4100	0.9	0.9	25191	low gain
 109	1000	75.6	75.6	 401	unbonded
 110	4100	1.1	1.1	21258	low gain
 111	4100	1.3	1.3	17766	low gain
 112	4100	1.7	1.7	15039	low gain
 113	4100	1.4	1.4	18450	low gain
 114	4100	1.2	1.2	19820	low gain
 115	4100	1.1	1.1	19977	low gain
 116	4100	1.1	1.1	22519	low gain
 117	1000	77.4	77.4	 403	unbonded
 118	4100	1.6	1.6	14598	low gain
 119	4100	1.2	1.2	19703	low gain
 120	4100	1.3	1.3	18665	low gain
 121	4100	1.5	1.5	15342	low gain
 122	4100	1.4	1.4	15683	low gain
 123	4100	0.4	0.4	88271	low gain
 124	4100	1.5	1.5	15281	low gain
 125	1000	77.1	77.1	 387	unbonded
 126	4100	1.8	1.8	13058	low gain
 127	4100	1.5	1.5	17108	low gain
 128	1000	0.0	0.0	   0	unbonded
 129	4000	1.6	1.6	13739	high noise
 130	4000	1.5	1.5	14607	high noise
 131	4000	1.7	1.7	14653	high noise
 132	4000	0.9	0.9	24859	high noise
 133	4000	1.2	1.2	17944	high noise
 134	4000	1.0	1.0	20991	high noise
 135	4000	1.2	1.2	18222	high noise
 136	4000	1.4	1.4	17243	high noise
 137	4000	0.9	0.9	26577	high noise
 138	4000	1.0	1.0	20885	high noise
 139	4000	1.4	1.4	17007	high noise
 140	4000	1.2	1.2	17887	high noise
 141	4000	1.2	1.2	19271	high noise
 142	4000	1.3	1.3	17269	high noise
 143	4000	0.9	0.9	24707	high noise
 144	4000	1.2	1.2	18633	high noise
 145	4000	1.6	1.6	14725	high noise
 146	4000	1.4	1.4	17136	high noise
 147	4000	1.5	1.5	14670	high noise
 148	4000	1.1	1.1	21126	high noise
 149	4000	1.5	1.5	16068	high noise
 150	4000	1.5	1.5	15699	high noise
 151	4000	2.0	2.0	11551	high noise
 152	4000	1.1	1.1	21689	high noise
 153	4000	1.3	1.3	17696	high noise
 154	4000	1.2	1.2	19618	high noise
 155	4000	1.0	1.0	22998	high noise
 156	4000	1.5	1.5	14083	high noise
 157	4000	1.4	1.4	15960	high noise
 158	4000	1.2	1.2	18853	high noise
 159	4000	1.4	1.4	16172	high noise
 160	4000	1.4	1.4	17203	high noise
 161	4000	1.3	1.3	17442	high noise
 162	4000	1.2	1.2	20040	high noise
 163	4000	1.0	1.0	23896	high noise
 164	4000	1.9	1.9	12255	high noise
 165	4000	1.2	1.2	20138	high noise
 166	4000	1.6	1.6	13550	high noise
 167	4000	1.2	1.2	20591	high noise
 168	4000	0.9	0.9	23629	high noise
 169	4000	1.6	1.6	13090	high noise
 170	4000	1.5	1.5	16573	high noise
 171	4000	1.8	1.8	12796	high noise
 172	4000	1.3	1.3	17882	high noise
 173	4000	1.2	1.2	19110	high noise
 174	4000	1.3	1.3	16884	high noise
 175	4000	1.8	1.8	12268	high noise
 176	4000	1.5	1.5	14620	high noise
 177	4000	1.3	1.3	16462	high noise
 178	4000	0.9	0.9	25288	high noise
 179	4000	1.1	1.1	22498	high noise
 180	4000	1.3	1.3	16429	high noise
 181	4000	1.0	1.0	24446	high noise
 182	4000	0.8	0.8	31505	high noise
 183	4000	1.1	1.1	21617	high noise
 184	4000	1.6	1.6	15097	high noise
 185	4000	1.2	1.2	18327	high noise
 186	4000	1.4	1.4	17964	high noise
 187	4000	1.0	1.0	22592	high noise
 188	4000	1.3	1.3	18190	high noise
 189	4000	1.4	1.4	16678	high noise
 190	4000	1.1	1.1	21879	high noise
 191	4000	1.4	1.4	15655	high noise
 192	4000	1.8	1.8	14277	high noise
 193	4000	1.3	1.3	18274	high noise
 194	4000	1.5	1.5	16213	high noise
 195	4000	1.2	1.2	18520	high noise
 196	4000	0.9	0.9	26325	high noise
 197	4000	1.3	1.3	17542	high noise
 198	4000	1.4	1.4	16539	high noise
 199	4000	1.2	1.2	19708	high noise
 200	4000	1.4	1.4	15913	high noise
 201	4000	1.5	1.5	15752	high noise
 202	4000	1.3	1.3	17943	high noise
 203	4000	1.2	1.2	19517	high noise
 204	4000	1.5	1.5	15900	high noise
 205	4000	1.6	1.6	13543	high noise
 206	4000	1.5	1.5	15235	high noise
 207	4000	1.1	1.1	20279	high noise
 208	4000	1.1	1.1	21364	high noise
 209	4000	1.4	1.4	17820	high noise
 210	4000	1.2	1.2	20147	high noise
 211	4000	1.6	1.6	14431	high noise
 212	4000	1.6	1.6	14027	high noise
 213	4000	1.4	1.4	16714	high noise
 214	4000	1.3	1.3	16586	high noise
 215	4000	1.2	1.2	20801	high noise
 216	4000	1.3	1.3	17062	high noise
 217	4000	1.2	1.2	20343	high noise
 218	4000	1.2	1.2	19631	high noise
 219	4000	1.5	1.5	14858	high noise
 220	4000	1.5	1.5	16253	high noise
 221	4000	1.4	1.4	16013	high noise
 222	4000	1.5	1.5	15238	high noise
 223	4000	1.1	1.1	21757	high noise
 224	4000	1.3	1.3	18564	high noise
 225	4000	1.5	1.5	15731	high noise
 226	4000	1.6	1.6	14540	high noise
 227	4000	0.9	0.9	23340	high noise
 228	4000	1.0	1.0	22994	high noise
 229	4000	1.0	1.0	24380	high noise
 230	4000	1.4	1.4	15184	high noise
 231	4000	1.8	1.8	13494	high noise
 232	4000	1.0	1.0	22529	high noise
 233	4000	1.4	1.4	15422	high noise
 234	4000	1.2	1.2	19484	high noise
 235	4000	1.3	1.3	18083	high noise
 236	4000	1.1	1.1	21804	high noise
 237	4000	1.4	1.4	16035	high noise
 238	4000	0.8	0.8	27751	high noise
 239	4000	1.2	1.2	20143	high noise
 240	4000	1.7	1.7	13472	high noise
 241	4000	1.0	1.0	23605	high noise
 242	4000	1.3	1.3	17361	high noise
 243	4000	1.0	1.0	24656	high noise
 244	4000	1.6	1.6	13045	high noise
 245	4000	1.7	1.7	13573	high noise
 246	4000	0.9	0.9	26941	high noise
 247	4000	1.1	1.1	22006	high noise
 248	4000	1.7	1.7	14252	high noise
 249	4000	1.6	1.6	14571	high noise
 250	4000	1.5	1.5	15555	high noise
 251	4000	1.5	1.5	16284	high noise
 252	4000	1.4	1.4	16149	high noise
 253	4000	1.4	1.4	16293	high noise
 254	4000	1.5	1.5	15153	high noise
 255	4000	1.5	1.5	17165	high noise
