#chan	code	gain	offset	innse	comment
   0	1100	0.0	0.0	   0	low gain
   1	4100	0.7	0.7	33292	low gain
   2	4100	0.5	0.5	46523	low gain
   3	4100	0.9	0.9	28542	low gain
   4	4100	0.5	0.5	46886	low gain
   5	1000	80.2	80.2	 513	unbonded
   6	4104	0.9	0.9	21895	low gain
   7	4100	0.7	0.7	32714	low gain
   8	4100	0.6	0.6	41514	low gain
   9	4100	0.4	0.4	61481	low gain
  10	4100	0.5	0.5	49852	low gain
  11	4100	0.8	0.8	29631	low gain
  12	4100	0.6	0.6	35862	low gain
  13	1000	76.7	76.7	 392	unbonded
  14	4100	1.0	1.0	21376	low gain
  15	4100	0.4	0.4	53615	low gain
  16	4100	0.8	0.8	31574	low gain
  17	4100	0.8	0.8	29190	low gain
  18	4100	0.4	0.4	56285	low gain
  19	4100	0.5	0.5	47658	low gain
  20	4100	0.4	0.4	54696	low gain
  21	1000	77.4	77.4	 405	unbonded
  22	4100	0.8	0.8	29373	low gain
  23	4100	0.6	0.6	35529	low gain
  24	4100	0.4	0.4	56191	low gain
  25	4100	0.2	0.2	95618	low gain
  26	4100	0.9	0.9	27605	low gain
  27	4100	0.3	0.3	63337	low gain
  28	4100	1.0	1.0	23343	low gain
  29	1000	77.0	77.0	 404	unbonded
  30	4100	0.6	0.6	41819	low gain
  31	4100	0.1	0.1	166682	low gain
  32	4100	0.9	0.9	25853	low gain
  33	4100	0.8	0.8	27841	low gain
  34	4100	0.5	0.5	43419	low gain
  35	4100	0.4	0.4	66865	low gain
  36	4100	0.7	0.7	33879	low gain
  37	1000	76.1	76.1	 399	unbonded
  38	4100	0.9	0.9	24595	low gain
  39	1100	-0.0	-0.0	   0	low gain
  40	4100	0.1	0.1	333328	low gain
  41	4100	0.6	0.6	35348	low gain
  42	4100	0.5	0.5	49341	low gain
  43	4100	0.4	0.4	58051	low gain
  44	4100	0.6	0.6	37340	low gain
  45	1000	78.1	78.1	 412	unbonded
  46	4100	0.5	0.5	43402	low gain
  47	4100	0.7	0.7	34776	low gain
  48	4100	0.6	0.6	41048	low gain
  49	4100	0.4	0.4	51473	low gain
  50	4100	0.4	0.4	57271	low gain
  51	4100	0.5	0.5	44630	low gain
  52	4100	0.5	0.5	38029	low gain
  53	1000	76.7	76.7	 396	unbonded
  54	4100	0.8	0.8	28991	low gain
  55	4100	0.1	0.1	174437	low gain
  56	4100	0.3	0.3	70553	low gain
  57	4100	0.4	0.4	54064	low gain
  58	4100	0.6	0.6	34996	low gain
  59	4100	0.3	0.3	67312	low gain
  60	4100	0.8	0.8	28399	low gain
  61	1000	77.0	77.0	 382	unbonded
  62	4100	0.4	0.4	56834	low gain
  63	4100	0.4	0.4	69778	low gain
  64	4100	0.7	0.7	32525	low gain
  65	4100	1.0	1.0	22625	low gain
  66	4100	1.0	1.0	25321	low gain
  67	4100	0.4	0.4	60628	low gain
  68	4100	0.6	0.6	35360	low gain
  69	1000	79.5	79.5	 394	unbonded
  70	4100	0.9	0.9	27597	low gain
  71	4100	0.5	0.5	42112	low gain
  72	4100	0.4	0.4	58245	low gain
  73	4104	0.6	0.6	35836	low gain
  74	4100	0.6	0.6	41374	low gain
  75	4100	0.7	0.7	37431	low gain
  76	4100	0.8	0.8	27454	low gain
  77	1000	77.9	77.9	 389	unbonded
  78	4100	0.9	0.9	26151	low gain
  79	4100	0.1	0.1	306886	low gain
  80	4100	0.3	0.3	80695	low gain
  81	4100	0.2	0.2	97398	low gain
  82	4100	0.8	0.8	29598	low gain
  83	4100	0.8	0.8	30606	low gain
  84	4100	0.4	0.4	66826	low gain
  85	1000	77.4	77.4	 360	unbonded
  86	4100	0.5	0.5	46297	low gain
  87	4100	0.6	0.6	39624	low gain
  88	4100	0.5	0.5	48513	low gain
  89	4100	0.4	0.4	59715	low gain
  90	4100	0.4	0.4	52260	low gain
  91	4100	0.7	0.7	32602	low gain
  92	4100	1.0	1.0	25071	low gain
  93	1000	79.7	79.7	 386	unbonded
  94	4100	0.8	0.8	28316	low gain
  95	4100	0.3	0.3	66319	low gain
  96	4100	0.1	0.1	185535	low gain
  97	4100	0.8	0.8	27877	low gain
  98	4100	0.2	0.2	100805	low gain
  99	4100	0.6	0.6	37627	low gain
 100	4100	0.6	0.6	42400	low gain
 101	1000	79.5	79.5	 392	unbonded
 102	4100	0.8	0.8	29235	low gain
 103	4100	0.5	0.5	50254	low gain
 104	4100	0.3	0.3	93056	low gain
 105	4100	0.3	0.3	95852	low gain
 106	4100	0.8	0.8	29416	low gain
 107	4100	0.6	0.6	34777	low gain
 108	4100	0.4	0.4	64908	low gain
 109	1000	77.7	77.7	 385	unbonded
 110	4100	0.9	0.9	25818	low gain
 111	4100	1.2	1.2	19678	low gain
 112	4100	0.6	0.6	41248	low gain
 113	4100	0.7	0.7	36911	low gain
 114	4100	0.5	0.5	52561	low gain
 115	4100	0.3	0.3	62918	low gain
 116	4100	0.5	0.5	53100	low gain
 117	1000	78.9	78.9	 386	unbonded
 118	4100	0.8	0.8	27443	low gain
 119	4100	0.4	0.4	50987	low gain
 120	4100	0.5	0.5	48828	low gain
 121	4100	0.7	0.7	36599	low gain
 122	4100	0.8	0.8	27756	low gain
 123	4100	0.5	0.5	63888	low gain
 124	4100	0.4	0.4	61729	low gain
 125	1000	78.6	78.6	 373	unbonded
 126	4100	1.4	1.4	17303	low gain
 127	4100	0.4	0.4	51583	low gain
 128	1000	0.0	0.0	   0	unbonded
 129	4000	0.2	0.2	106920	high noise
 130	4000	0.6	0.6	38538	high noise
 131	4000	0.4	0.4	64088	high noise
 132	4000	0.5	0.5	43785	high noise
 133	4000	0.2	0.2	136600	high noise
 134	4000	0.3	0.3	68006	high noise
 135	4000	0.7	0.7	30409	high noise
 136	4000	0.4	0.4	60882	high noise
 137	4000	0.8	0.8	29502	high noise
 138	4000	0.8	0.8	28158	high noise
 139	4000	0.6	0.6	38499	high noise
 140	4000	0.9	0.9	25199	high noise
 141	4000	0.5	0.5	45525	high noise
 142	4000	0.6	0.6	40969	high noise
 143	4000	0.4	0.4	59198	high noise
 144	4000	0.7	0.7	33737	high noise
 145	4000	0.8	0.8	30667	high noise
 146	4000	0.5	0.5	43976	high noise
 147	4000	0.3	0.3	76997	high noise
 148	4000	0.6	0.6	39234	high noise
 149	4000	0.4	0.4	61316	high noise
 150	4000	0.7	0.7	34648	high noise
 151	4000	0.6	0.6	39710	high noise
 152	1100	-0.6	-0.6	   0	low gain
 153	4000	0.6	0.6	41239	high noise
 154	4000	1.3	1.3	17725	high noise
 155	4000	0.7	0.7	31310	high noise
 156	4000	0.5	0.5	42059	high noise
 157	4000	0.7	0.7	34875	high noise
 158	4000	0.4	0.4	51199	high noise
 159	4000	0.2	0.2	136959	high noise
 160	4000	0.3	0.3	78883	high noise
 161	4000	0.7	0.7	31800	high noise
 162	4000	0.6	0.6	36460	high noise
 163	4000	0.5	0.5	46151	high noise
 164	4000	1.2	1.2	18404	high noise
 165	4000	0.4	0.4	49981	high noise
 166	4000	0.6	0.6	38990	high noise
 167	4000	0.4	0.4	61190	high noise
 168	4000	0.7	0.7	31842	high noise
 169	4000	0.7	0.7	29079	high noise
 170	4000	0.7	0.7	34072	high noise
 171	4000	0.5	0.5	47898	high noise
 172	4000	0.6	0.6	38170	high noise
 173	4000	0.7	0.7	34002	high noise
 174	4000	0.6	0.6	36921	high noise
 175	4000	0.1	0.1	222240	high noise
 176	4000	0.1	0.1	153564	high noise
 177	4000	0.4	0.4	56362	high noise
 178	4000	0.8	0.8	29842	high noise
 179	4000	0.3	0.3	88998	high noise
 180	4000	0.5	0.5	46142	high noise
 181	4000	0.6	0.6	35894	high noise
 182	4000	0.6	0.6	37019	high noise
 183	4000	0.3	0.3	88017	high noise
 184	4000	1.0	1.0	23557	high noise
 185	4000	0.6	0.6	35480	high noise
 186	4000	0.5	0.5	48069	high noise
 187	4000	0.7	0.7	36034	high noise
 188	4000	0.6	0.6	41373	high noise
 189	4000	0.9	0.9	29120	high noise
 190	4000	0.4	0.4	61807	high noise
 191	4000	0.6	0.6	42851	high noise
 192	4000	0.8	0.8	32944	high noise
 193	4000	0.2	0.2	96594	high noise
 194	4000	0.6	0.6	42807	high noise
 195	4000	0.2	0.2	140048	high noise
 196	4000	0.6	0.6	34987	high noise
 197	4000	0.7	0.7	34124	high noise
 198	4000	0.8	0.8	28876	high noise
 199	4000	0.5	0.5	41857	high noise
 200	4000	0.4	0.4	52967	high noise
 201	4000	0.5	0.5	48012	high noise
 202	4000	0.4	0.4	60009	high noise
 203	4000	0.6	0.6	37502	high noise
 204	4000	1.0	1.0	24506	high noise
 205	4000	0.3	0.3	63345	high noise
 206	4000	0.8	0.8	28473	high noise
 207	4000	0.3	0.3	70638	high noise
 208	4000	0.6	0.6	37012	high noise
 209	4000	0.3	0.3	92203	high noise
 210	4000	0.6	0.6	41233	high noise
 211	4000	0.6	0.6	40677	high noise
 212	4000	0.2	0.2	112153	high noise
 213	4000	0.4	0.4	64060	high noise
 214	4000	0.7	0.7	31725	high noise
 215	4000	0.4	0.4	59827	high noise
 216	4000	0.3	0.3	73041	high noise
 217	4000	0.6	0.6	35356	high noise
 218	4000	1.1	1.1	22029	high noise
 219	4000	0.8	0.8	29757	high noise
 220	4000	0.4	0.4	64166	high noise
 221	4000	0.9	0.9	23918	high noise
 222	4000	0.3	0.3	68679	high noise
 223	4000	1.0	1.0	23106	high noise
 224	4000	0.8	0.8	28716	high noise
 225	4000	0.4	0.4	49799	high noise
 226	4000	0.4	0.4	52891	high noise
 227	4000	0.8	0.8	26700	high noise
 228	4000	0.4	0.4	61921	high noise
 229	4000	0.5	0.5	51968	high noise
 230	4000	0.4	0.4	58514	high noise
 231	4000	0.8	0.8	27120	high noise
 232	4000	0.7	0.7	35481	high noise
 233	4000	0.6	0.6	38374	high noise
 234	4000	0.6	0.6	34523	high noise
 235	1100	-0.1	-0.1	   0	low gain
 236	4000	0.6	0.6	38220	high noise
 237	4000	0.3	0.3	84099	high noise
 238	4000	0.4	0.4	51266	high noise
 239	4000	0.4	0.4	50062	high noise
 240	4000	0.4	0.4	50020	high noise
 241	4000	0.4	0.4	57436	high noise
 242	4000	0.7	0.7	31214	high noise
 243	4000	0.6	0.6	46215	high noise
 244	4000	0.2	0.2	85906	high noise
 245	4000	0.3	0.3	73101	high noise
 246	4000	0.5	0.5	42796	high noise
 247	4000	0.4	0.4	51993	high noise
 248	4000	0.5	0.5	41689	high noise
 249	4000	0.3	0.3	77801	high noise
 250	4000	0.9	0.9	26545	high noise
 251	4000	0.7	0.7	33870	high noise
 252	4000	0.2	0.2	113850	high noise
 253	4000	0.5	0.5	55377	high noise
 254	4000	0.8	0.8	27106	high noise
 255	4000	0.6	0.6	39821	high noise
