#chan	code	gain	offset	innse	comment
   0	1100	0.0	0.0	   0	low gain
   1	4100	0.8	0.8	26350	low gain
   2	4100	1.0	1.0	23528	low gain
   3	4100	0.7	0.7	34693	low gain
   4	4100	0.4	0.4	58618	low gain
   5	4000	69.0	69.0	 593	high noise
   6	4104	1.2	1.2	18580	low gain
   7	4100	0.6	0.6	36932	low gain
   8	4100	1.1	1.1	19294	low gain
   9	4100	0.9	0.9	28649	low gain
  10	4100	0.9	0.9	24045	low gain
  11	4100	0.9	0.9	27024	low gain
  12	4100	0.9	0.9	26174	low gain
  13	1000	63.6	63.6	 441	unbonded
  14	4100	0.9	0.9	24765	low gain
  15	4100	0.9	0.9	27246	low gain
  16	4100	1.2	1.2	19846	low gain
  17	4100	0.9	0.9	26859	low gain
  18	4100	0.4	0.4	56309	low gain
  19	4100	0.7	0.7	34230	low gain
  20	4100	1.0	1.0	23027	low gain
  21	1000	62.6	62.6	 457	unbonded
  22	4100	1.2	1.2	19513	low gain
  23	4100	1.1	1.1	22470	low gain
  24	4100	0.7	0.7	33802	low gain
  25	4100	1.0	1.0	23199	low gain
  26	4100	0.8	0.8	27327	low gain
  27	4100	0.7	0.7	30527	low gain
  28	4100	0.6	0.6	32838	low gain
  29	1000	62.9	62.9	 481	unbonded
  30	4100	1.1	1.1	20729	low gain
  31	4100	0.9	0.9	26710	low gain
  32	4100	1.2	1.2	18750	low gain
  33	4100	1.0	1.0	22342	low gain
  34	4100	1.0	1.0	22636	low gain
  35	4100	0.5	0.5	45535	low gain
  36	4100	0.8	0.8	27252	low gain
  37	1000	62.4	62.4	 483	unbonded
  38	4100	1.2	1.2	18612	low gain
  39	4100	1.2	1.2	19490	low gain
  40	4100	1.2	1.2	18119	low gain
  41	4100	0.6	0.6	38828	low gain
  42	4100	0.7	0.7	30353	low gain
  43	4100	0.5	0.5	45453	low gain
  44	4100	1.0	1.0	23847	low gain
  45	1000	64.9	64.9	 467	unbonded
  46	4100	1.1	1.1	20860	low gain
  47	4100	1.0	1.0	22322	low gain
  48	4100	0.6	0.6	36475	low gain
  49	4100	0.7	0.7	33748	low gain
  50	4100	0.4	0.4	65425	low gain
  51	4100	0.6	0.6	37506	low gain
  52	4100	0.9	0.9	23300	low gain
  53	1000	63.4	63.4	 442	unbonded
  54	4100	0.9	0.9	26254	low gain
  55	4100	0.6	0.6	37658	low gain
  56	4100	0.8	0.8	30822	low gain
  57	4100	0.9	0.9	29038	low gain
  58	4100	1.0	1.0	23571	low gain
  59	4100	0.9	0.9	30184	low gain
  60	4100	0.6	0.6	41495	low gain
  61	1000	63.5	63.5	 474	unbonded
  62	4100	1.4	1.4	17508	low gain
  63	4100	0.7	0.7	36716	low gain
  64	4100	0.5	0.5	46639	low gain
  65	4100	0.9	0.9	25819	low gain
  66	4100	1.1	1.1	22192	low gain
  67	4100	0.9	0.9	23625	low gain
  68	4100	0.6	0.6	36077	low gain
  69	1000	64.2	64.2	 476	unbonded
  70	4100	1.3	1.3	17991	low gain
  71	4100	1.2	1.2	19775	low gain
  72	4100	0.4	0.4	64645	low gain
  73	4104	0.8	0.8	29386	low gain
  74	4100	1.1	1.1	23182	low gain
  75	4100	0.6	0.6	38713	low gain
  76	4100	0.7	0.7	28904	low gain
  77	1000	64.2	64.2	 452	unbonded
  78	4100	0.7	0.7	31190	low gain
  79	4100	1.1	1.1	21550	low gain
  80	4100	0.5	0.5	45565	low gain
  81	4100	1.2	1.2	21668	low gain
  82	4100	0.8	0.8	29851	low gain
  83	4100	1.0	1.0	23709	low gain
  84	4100	0.4	0.4	58686	low gain
  85	1000	63.2	63.2	 489	unbonded
  86	4100	1.5	1.5	15082	low gain
  87	4100	1.1	1.1	20416	low gain
  88	4100	0.8	0.8	28263	low gain
  89	4100	0.8	0.8	28944	low gain
  90	4100	0.8	0.8	29222	low gain
  91	4100	0.4	0.4	64307	low gain
  92	4100	0.9	0.9	25494	low gain
  93	1000	64.7	64.7	 448	unbonded
  94	4100	1.0	1.0	22791	low gain
  95	4100	0.8	0.8	28169	low gain
  96	4100	1.0	1.0	25462	low gain
  97	4100	0.8	0.8	29480	low gain
  98	4100	0.6	0.6	35651	low gain
  99	4100	0.8	0.8	28690	low gain
 100	4100	1.3	1.3	19507	low gain
 101	1000	65.4	65.4	 488	unbonded
 102	4100	1.2	1.2	21443	low gain
 103	4100	0.7	0.7	31858	low gain
 104	4100	0.8	0.8	28550	low gain
 105	4100	0.3	0.3	88598	low gain
 106	4100	0.9	0.9	27996	low gain
 107	4100	0.9	0.9	24712	low gain
 108	4100	0.8	0.8	28924	low gain
 109	1000	63.8	63.8	 458	unbonded
 110	4100	1.1	1.1	18862	low gain
 111	4100	0.9	0.9	24597	low gain
 112	4100	1.0	1.0	22565	low gain
 113	4100	0.9	0.9	25538	low gain
 114	4100	0.9	0.9	25046	low gain
 115	4100	0.6	0.6	35332	low gain
 116	4100	1.0	1.0	23701	low gain
 117	1000	65.4	65.4	 481	unbonded
 118	4100	1.0	1.0	24190	low gain
 119	4100	0.7	0.7	34847	low gain
 120	4100	0.5	0.5	45750	low gain
 121	4100	0.9	0.9	25145	low gain
 122	4100	0.8	0.8	28182	low gain
 123	4100	0.1	0.1	309009	low gain
 124	4100	0.9	0.9	25258	low gain
 125	1000	65.9	65.9	 477	unbonded
 126	4100	1.3	1.3	17766	low gain
 127	4100	1.0	1.0	25231	low gain
 128	1000	0.0	0.0	   0	unbonded
 129	4000	0.7	0.7	32258	high noise
 130	4000	1.0	1.0	22589	high noise
 131	4000	1.0	1.0	22612	high noise
 132	4000	0.9	0.9	24906	high noise
 133	4000	0.5	0.5	45964	high noise
 134	4000	0.8	0.8	28316	high noise
 135	4000	1.1	1.1	21009	high noise
 136	4000	1.1	1.1	22021	high noise
 137	4000	1.0	1.0	22103	high noise
 138	4000	0.7	0.7	32268	high noise
 139	4000	0.2	0.2	116479	high noise
 140	4000	1.1	1.1	21008	high noise
 141	4000	0.8	0.8	28180	high noise
 142	4000	0.7	0.7	32478	high noise
 143	4000	0.6	0.6	39240	high noise
 144	4000	1.0	1.0	22692	high noise
 145	4000	0.7	0.7	34801	high noise
 146	4000	0.8	0.8	32266	high noise
 147	4000	0.5	0.5	44137	high noise
 148	4000	1.1	1.1	20370	high noise
 149	4000	1.1	1.1	21258	high noise
 150	4000	0.8	0.8	28533	high noise
 151	4000	0.9	0.9	27322	high noise
 152	4000	0.8	0.8	26521	high noise
 153	4000	1.1	1.1	20841	high noise
 154	4000	0.7	0.7	31712	high noise
 155	4000	0.6	0.6	38280	high noise
 156	4000	0.6	0.6	38832	high noise
 157	4000	0.7	0.7	35162	high noise
 158	4000	0.7	0.7	30058	high noise
 159	4000	0.8	0.8	29974	high noise
 160	4000	0.6	0.6	43139	high noise
 161	4000	1.1	1.1	21824	high noise
 162	4000	0.4	0.4	52496	high noise
 163	4000	0.3	0.3	71750	high noise
 164	4000	1.2	1.2	19585	high noise
 165	4000	0.6	0.6	36920	high noise
 166	4000	1.1	1.1	21436	high noise
 167	4000	0.9	0.9	25446	high noise
 168	4000	0.7	0.7	34310	high noise
 169	4000	1.0	1.0	21236	high noise
 170	4000	0.9	0.9	25426	high noise
 171	4000	0.8	0.8	28522	high noise
 172	4000	0.9	0.9	25725	high noise
 173	4000	1.0	1.0	24984	high noise
 174	4000	0.6	0.6	33954	high noise
 175	4000	1.2	1.2	18515	high noise
 176	4000	1.0	1.0	24790	high noise
 177	4000	0.6	0.6	37978	high noise
 178	4000	1.1	1.1	20615	high noise
 179	4000	0.2	0.2	132437	high noise
 180	4000	0.8	0.8	25817	high noise
 181	4000	1.3	1.3	17876	high noise
 182	4000	0.5	0.5	52526	high noise
 183	4000	1.0	1.0	24327	high noise
 184	4000	0.7	0.7	34257	high noise
 185	4000	0.8	0.8	28689	high noise
 186	4000	1.0	1.0	25128	high noise
 187	4000	0.9	0.9	27122	high noise
 188	4000	1.1	1.1	21676	high noise
 189	4000	0.5	0.5	45852	high noise
 190	4000	0.6	0.6	40729	high noise
 191	4000	0.9	0.9	28485	high noise
 192	4000	1.2	1.2	20664	high noise
 193	4000	1.2	1.2	19659	high noise
 194	4000	1.1	1.1	21086	high noise
 195	4000	0.7	0.7	30581	high noise
 196	4000	0.6	0.6	35736	high noise
 197	4000	0.7	0.7	37169	high noise
 198	4000	0.8	0.8	27333	high noise
 199	4000	0.7	0.7	34569	high noise
 200	4000	0.6	0.6	37120	high noise
 201	4000	1.0	1.0	22811	high noise
 202	4000	0.6	0.6	37115	high noise
 203	4000	0.5	0.5	39100	high noise
 204	4000	1.4	1.4	17224	high noise
 205	4000	0.5	0.5	42800	high noise
 206	4000	1.0	1.0	23353	high noise
 207	4000	0.9	0.9	25869	high noise
 208	4000	0.4	0.4	51701	high noise
 209	4000	0.8	0.8	29262	high noise
 210	4000	0.8	0.8	31493	high noise
 211	4000	0.6	0.6	41134	high noise
 212	4000	1.0	1.0	24908	high noise
 213	4000	0.7	0.7	34738	high noise
 214	4000	0.2	0.2	105095	high noise
 215	4000	0.8	0.8	30786	high noise
 216	4000	1.0	1.0	23263	high noise
 217	4000	0.6	0.6	38247	high noise
 218	4000	0.6	0.6	37767	high noise
 219	4000	0.9	0.9	25518	high noise
 220	4000	0.7	0.7	32587	high noise
 221	4000	0.5	0.5	44817	high noise
 222	4000	0.9	0.9	24654	high noise
 223	4000	1.0	1.0	25467	high noise
 224	4000	1.0	1.0	24809	high noise
 225	4000	0.5	0.5	44322	high noise
 226	4000	0.9	0.9	24795	high noise
 227	4000	0.8	0.8	25629	high noise
 228	4000	1.3	1.3	16083	high noise
 229	4000	0.8	0.8	29295	high noise
 230	4000	0.8	0.8	29534	high noise
 231	4000	0.6	0.6	36288	high noise
 232	4000	0.8	0.8	29233	high noise
 233	4000	1.3	1.3	18986	high noise
 234	4000	1.1	1.1	19072	high noise
 235	4000	0.7	0.7	31400	high noise
 236	4000	1.2	1.2	19720	high noise
 237	4000	0.8	0.8	25150	high noise
 238	4000	1.0	1.0	22508	high noise
 239	4000	0.4	0.4	51652	high noise
 240	4000	0.7	0.7	33045	high noise
 241	4000	0.8	0.8	30022	high noise
 242	4000	0.8	0.8	29923	high noise
 243	4000	0.8	0.8	28586	high noise
 244	4000	0.6	0.6	37932	high noise
 245	4000	0.8	0.8	32725	high noise
 246	4000	0.7	0.7	34542	high noise
 247	4000	0.4	0.4	55280	high noise
 248	4000	0.7	0.7	32673	high noise
 249	4000	1.1	1.1	22809	high noise
 250	4000	0.9	0.9	26479	high noise
 251	4000	1.0	1.0	22340	high noise
 252	4000	0.8	0.8	28670	high noise
 253	4000	0.9	0.9	26167	high noise
 254	4000	1.0	1.0	23022	high noise
 255	4000	1.0	1.0	25651	high noise
