#chan	code	gain	offset	innse	comment
   0	1100	0.0	0.0	   0	low gain
   1	4100	1.5	1.5	15757	low gain
   2	4100	0.7	0.7	34835	low gain
   3	1000	68.7	68.7	 455	unbonded
   4	4100	1.3	1.3	18856	low gain
   5	4100	1.3	1.3	22079	low gain
   6	4104	1.2	1.2	16852	low gain
   7	4100	1.0	1.0	26257	low gain
   8	4100	1.2	1.2	19967	low gain
   9	4100	1.3	1.3	18751	low gain
  10	4100	1.2	1.2	20092	low gain
  11	1000	65.2	65.2	 452	unbonded
  12	4100	1.3	1.3	17747	low gain
  13	4100	1.2	1.2	18454	low gain
  14	4100	1.1	1.1	21570	low gain
  15	4100	1.0	1.0	23618	low gain
  16	4100	1.2	1.2	18599	low gain
  17	4100	1.4	1.4	16324	low gain
  18	4100	1.4	1.4	16841	low gain
  19	1000	66.3	66.3	 463	unbonded
  20	4100	1.3	1.3	16948	low gain
  21	4100	1.2	1.2	18213	low gain
  22	4100	1.3	1.3	18204	low gain
  23	4100	1.0	1.0	23083	low gain
  24	4100	1.0	1.0	20590	low gain
  25	4100	1.3	1.3	19085	low gain
  26	4100	1.2	1.2	19159	low gain
  27	1000	67.3	67.3	 435	unbonded
  28	4100	1.2	1.2	18962	low gain
  29	4100	1.1	1.1	21369	low gain
  30	4100	0.8	0.8	25772	low gain
  31	4100	1.0	1.0	24505	low gain
  32	4100	1.3	1.3	18157	low gain
  33	4100	1.1	1.1	20949	low gain
  34	4100	0.8	0.8	28213	low gain
  35	1000	66.8	66.8	 440	unbonded
  36	4100	1.3	1.3	18513	low gain
  37	4100	1.2	1.2	18617	low gain
  38	4100	1.3	1.3	17200	low gain
  39	4100	0.4	0.4	56199	low gain
  40	4100	1.4	1.4	17981	low gain
  41	4100	1.2	1.2	20077	low gain
  42	4100	1.2	1.2	19854	low gain
  43	1000	65.6	65.6	 456	unbonded
  44	4100	1.3	1.3	17370	low gain
  45	4100	0.6	0.6	37807	low gain
  46	4100	1.2	1.2	19270	low gain
  47	4100	1.2	1.2	18735	low gain
  48	4100	1.2	1.2	19016	low gain
  49	4100	0.7	0.7	30817	low gain
  50	4100	1.5	1.5	16233	low gain
  51	1000	67.0	67.0	 459	unbonded
  52	4100	1.5	1.5	15256	low gain
  53	4100	1.3	1.3	18355	low gain
  54	4100	1.1	1.1	19364	low gain
  55	4100	1.2	1.2	18975	low gain
  56	4100	0.8	0.8	28599	low gain
  57	4100	1.4	1.4	16445	low gain
  58	4100	1.1	1.1	20483	low gain
  59	1000	68.5	68.5	 449	unbonded
  60	4100	1.5	1.5	15619	low gain
  61	4100	0.7	0.7	34826	low gain
  62	4100	1.3	1.3	17760	low gain
  63	4100	1.5	1.5	16800	low gain
  64	4100	1.0	1.0	23428	low gain
  65	4100	1.4	1.4	17656	low gain
  66	4100	1.0	1.0	26216	low gain
  67	1000	64.1	64.1	 456	unbonded
  68	4100	1.7	1.7	13847	low gain
  69	4100	1.1	1.1	22015	low gain
  70	4100	1.5	1.5	15461	low gain
  71	4100	0.9	0.9	24846	low gain
  72	4100	1.1	1.1	21186	low gain
  73	4104	0.7	0.7	33282	low gain
  74	4100	0.9	0.9	26600	low gain
  75	1000	67.9	67.9	 417	unbonded
  76	4100	1.2	1.2	18631	low gain
  77	4100	1.0	1.0	23673	low gain
  78	4100	1.2	1.2	19903	low gain
  79	4100	0.8	0.8	31778	low gain
  80	4100	1.3	1.3	19032	low gain
  81	4100	1.4	1.4	17666	low gain
  82	4100	0.9	0.9	25708	low gain
  83	1000	68.8	68.8	 430	unbonded
  84	4100	1.2	1.2	17446	low gain
  85	4100	1.5	1.5	16240	low gain
  86	4100	1.1	1.1	21442	low gain
  87	4100	1.9	1.9	11415	low gain
  88	4100	1.2	1.2	20884	low gain
  89	4100	0.6	0.6	36539	low gain
  90	4100	1.1	1.1	22008	low gain
  91	1000	67.1	67.1	 432	unbonded
  92	4100	1.8	1.8	15008	low gain
  93	4100	1.2	1.2	19554	low gain
  94	4100	1.1	1.1	21669	low gain
  95	4100	1.0	1.0	23867	low gain
  96	4100	1.5	1.5	15482	low gain
  97	4100	1.6	1.6	14422	low gain
  98	4100	1.0	1.0	22993	low gain
  99	1000	68.2	68.2	 480	unbonded
 100	4100	1.4	1.4	18174	low gain
 101	4100	1.0	1.0	22202	low gain
 102	4100	1.0	1.0	22481	low gain
 103	4100	1.1	1.1	22003	low gain
 104	4100	1.6	1.6	15586	low gain
 105	4100	1.4	1.4	17907	low gain
 106	4100	1.0	1.0	24776	low gain
 107	1000	67.1	67.1	 432	unbonded
 108	4100	1.2	1.2	19897	low gain
 109	4100	1.1	1.1	20443	low gain
 110	4100	0.9	0.9	27896	low gain
 111	4100	1.0	1.0	22927	low gain
 112	4100	1.5	1.5	16488	low gain
 113	4100	1.3	1.3	18483	low gain
 114	4100	1.1	1.1	22866	low gain
 115	1000	65.4	65.4	 443	unbonded
 116	4100	1.2	1.2	18798	low gain
 117	4100	0.9	0.9	24454	low gain
 118	4100	0.6	0.6	40424	low gain
 119	4100	0.9	0.9	24491	low gain
 120	4100	1.1	1.1	22392	low gain
 121	4100	1.7	1.7	14308	low gain
 122	4100	1.3	1.3	17342	low gain
 123	4000	70.6	70.6	 696	high noise
 124	4100	1.3	1.3	18400	low gain
 125	4100	1.5	1.5	16833	low gain
 126	4100	0.8	0.8	31114	low gain
 127	4100	1.0	1.0	23325	low gain
 128	1000	0.0	0.0	   0	unbonded
 129	4000	1.2	1.2	20751	high noise
 130	4000	1.5	1.5	15692	high noise
 131	4000	0.9	0.9	26284	high noise
 132	4000	1.0	1.0	21579	high noise
 133	4000	1.3	1.3	16638	high noise
 134	4000	1.2	1.2	18246	high noise
 135	4000	1.2	1.2	17314	high noise
 136	4000	1.2	1.2	20659	high noise
 137	4000	1.0	1.0	25546	high noise
 138	4000	1.3	1.3	18777	high noise
 139	4000	1.0	1.0	21746	high noise
 140	4000	1.2	1.2	19468	high noise
 141	4000	0.9	0.9	24613	high noise
 142	4000	1.2	1.2	19925	high noise
 143	4000	1.4	1.4	16666	high noise
 144	4000	1.0	1.0	22372	high noise
 145	4000	1.2	1.2	20850	high noise
 146	4000	1.2	1.2	19885	high noise
 147	4000	1.3	1.3	18322	high noise
 148	4000	1.1	1.1	22378	high noise
 149	4000	0.6	0.6	41919	high noise
 150	4000	1.3	1.3	17077	high noise
 151	4000	1.2	1.2	19826	high noise
 152	4000	1.7	1.7	14165	high noise
 153	4000	1.1	1.1	22615	high noise
 154	4000	1.2	1.2	19463	high noise
 155	4000	1.1	1.1	20651	high noise
 156	4000	0.9	0.9	24377	high noise
 157	4000	1.4	1.4	16199	high noise
 158	4000	1.6	1.6	14130	high noise
 159	4000	0.9	0.9	24642	high noise
 160	4000	1.0	1.0	24852	high noise
 161	4000	1.0	1.0	22147	high noise
 162	4000	1.2	1.2	19631	high noise
 163	4000	1.0	1.0	26224	high noise
 164	4000	1.1	1.1	19694	high noise
 165	4000	1.3	1.3	17893	high noise
 166	4000	1.0	1.0	23356	high noise
 167	4000	0.8	0.8	29496	high noise
 168	4000	1.1	1.1	20727	high noise
 169	4000	1.0	1.0	22209	high noise
 170	4000	1.2	1.2	20310	high noise
 171	4000	1.4	1.4	16828	high noise
 172	4000	1.7	1.7	14684	high noise
 173	4000	1.4	1.4	16815	high noise
 174	4000	1.0	1.0	21967	high noise
 175	4000	1.2	1.2	19843	high noise
 176	4000	1.7	1.7	15102	high noise
 177	4000	0.9	0.9	24353	high noise
 178	4000	1.1	1.1	20749	high noise
 179	4000	1.2	1.2	20033	high noise
 180	4000	1.0	1.0	21219	high noise
 181	4000	1.7	1.7	13306	high noise
 182	4000	0.8	0.8	29104	high noise
 183	4000	1.0	1.0	24918	high noise
 184	4000	1.1	1.1	21530	high noise
 185	4000	1.2	1.2	19756	high noise
 186	4000	1.1	1.1	20179	high noise
 187	4000	1.1	1.1	21353	high noise
 188	4000	1.0	1.0	23669	high noise
 189	4000	1.2	1.2	20208	high noise
 190	4000	0.4	0.4	61721	high noise
 191	4000	1.2	1.2	20198	high noise
 192	4000	1.2	1.2	20659	high noise
 193	4000	1.1	1.1	20247	high noise
 194	4000	0.6	0.6	39763	high noise
 195	4000	0.6	0.6	37077	high noise
 196	4000	1.1	1.1	21215	high noise
 197	4000	1.4	1.4	15843	high noise
 198	4000	1.3	1.3	19486	high noise
 199	4000	0.8	0.8	27117	high noise
 200	4000	1.0	1.0	22438	high noise
 201	4000	1.2	1.2	18861	high noise
 202	4000	1.3	1.3	18669	high noise
 203	4000	1.2	1.2	17699	high noise
 204	4000	1.2	1.2	19287	high noise
 205	4000	0.7	0.7	31365	high noise
 206	4000	1.4	1.4	16451	high noise
 207	4000	1.2	1.2	18489	high noise
 208	4000	0.7	0.7	30210	high noise
 209	4000	1.5	1.5	15489	high noise
 210	4000	1.6	1.6	15159	high noise
 211	4000	1.2	1.2	19900	high noise
 212	4000	0.8	0.8	31745	high noise
 213	4000	1.7	1.7	14287	high noise
 214	4000	1.0	1.0	21748	high noise
 215	4000	1.1	1.1	20520	high noise
 216	4000	1.0	1.0	23947	high noise
 217	4000	0.8	0.8	30232	high noise
 218	4000	1.5	1.5	15385	high noise
 219	4000	1.3	1.3	18503	high noise
 220	4000	1.2	1.2	21207	high noise
 221	4000	0.9	0.9	25477	high noise
 222	4000	1.3	1.3	17038	high noise
 223	4000	1.2	1.2	18772	high noise
 224	4000	1.0	1.0	24961	high noise
 225	4000	1.6	1.6	14234	high noise
 226	4000	1.4	1.4	17086	high noise
 227	4000	1.0	1.0	19328	high noise
 228	4000	0.9	0.9	26239	high noise
 229	4000	1.4	1.4	16152	high noise
 230	4000	1.5	1.5	15647	high noise
 231	4000	0.8	0.8	27903	high noise
 232	4000	1.2	1.2	20155	high noise
 233	4000	1.3	1.3	17515	high noise
 234	4000	1.2	1.2	20517	high noise
 235	4000	0.8	0.8	29931	high noise
 236	4000	1.0	1.0	22497	high noise
 237	4000	0.9	0.9	25070	high noise
 238	4000	1.1	1.1	19464	high noise
 239	4000	1.1	1.1	20701	high noise
 240	4000	1.3	1.3	16749	high noise
 241	4000	1.2	1.2	19341	high noise
 242	4000	1.2	1.2	18939	high noise
 243	4000	1.4	1.4	16795	high noise
 244	4000	1.2	1.2	18278	high noise
 245	4000	0.9	0.9	24720	high noise
 246	4000	1.2	1.2	19559	high noise
 247	4000	1.3	1.3	17066	high noise
 248	4000	1.4	1.4	15975	high noise
 249	4000	1.2	1.2	20506	high noise
 250	4000	1.1	1.1	21574	high noise
 251	4000	1.1	1.1	23403	high noise
 252	4000	0.8	0.8	27699	high noise
 253	4000	1.7	1.7	14478	high noise
 254	4000	1.1	1.1	21984	high noise
 255	4000	0.8	0.8	28937	high noise
