#chan	code	gain	offset	innse	comment
   0	1100	0.0	0.0	   0	low gain
   1	4100	1.0	1.0	21508	low gain
   2	4100	1.4	1.4	16981	low gain
   3	1000	59.3	59.3	 500	unbonded
   4	4100	1.9	1.9	12586	low gain
   5	4100	1.3	1.3	22995	low gain
   6	4104	1.3	1.3	17323	low gain
   7	4100	1.4	1.4	17171	low gain
   8	4100	1.5	1.5	15897	low gain
   9	4100	1.4	1.4	18712	low gain
  10	4100	1.4	1.4	16686	low gain
  11	1000	56.8	56.8	 459	unbonded
  12	4100	1.2	1.2	19335	low gain
  13	4100	1.2	1.2	17313	low gain
  14	4100	1.3	1.3	19214	low gain
  15	4100	1.1	1.1	20887	low gain
  16	4100	1.3	1.3	15997	low gain
  17	4100	0.8	0.8	28630	low gain
  18	4100	1.8	1.8	11822	low gain
  19	1000	57.0	57.0	 447	unbonded
  20	4100	1.6	1.6	14786	low gain
  21	4100	1.3	1.3	16525	low gain
  22	4100	1.5	1.5	15722	low gain
  23	4100	1.3	1.3	18698	low gain
  24	4100	1.3	1.3	18844	low gain
  25	4100	0.9	0.9	25145	low gain
  26	4100	1.5	1.5	16366	low gain
  27	1000	57.2	57.2	 490	unbonded
  28	4100	1.5	1.5	14158	low gain
  29	4100	1.2	1.2	20589	low gain
  30	4100	1.4	1.4	17190	low gain
  31	4100	0.6	0.6	41511	low gain
  32	4100	1.0	1.0	25096	low gain
  33	4100	0.9	0.9	24544	low gain
  34	4100	1.1	1.1	23170	low gain
  35	1000	56.8	56.8	 469	unbonded
  36	4100	1.3	1.3	16903	low gain
  37	4100	1.4	1.4	15827	low gain
  38	4100	1.3	1.3	17541	low gain
  39	4100	1.3	1.3	17405	low gain
  40	4100	1.1	1.1	21629	low gain
  41	4100	0.9	0.9	24906	low gain
  42	4100	1.1	1.1	20069	low gain
  43	1000	59.5	59.5	 453	unbonded
  44	4100	1.2	1.2	18968	low gain
  45	4100	0.8	0.8	28831	low gain
  46	4100	1.5	1.5	14663	low gain
  47	4100	1.4	1.4	17343	low gain
  48	4100	1.0	1.0	22709	low gain
  49	4100	1.4	1.4	17242	low gain
  50	4100	1.1	1.1	23075	low gain
  51	1000	58.7	58.7	 455	unbonded
  52	4100	1.4	1.4	16858	low gain
  53	4100	1.6	1.6	13661	low gain
  54	4100	1.6	1.6	13772	low gain
  55	4100	1.4	1.4	17217	low gain
  56	4100	1.5	1.5	15945	low gain
  57	4100	1.3	1.3	19185	low gain
  58	4100	1.3	1.3	17820	low gain
  59	1000	60.3	60.3	 450	unbonded
  60	4100	1.6	1.6	14973	low gain
  61	4100	1.2	1.2	19658	low gain
  62	4100	1.2	1.2	17748	low gain
  63	4100	1.2	1.2	21649	low gain
  64	4100	1.4	1.4	17858	low gain
  65	4100	1.3	1.3	17240	low gain
  66	4100	1.5	1.5	17107	low gain
  67	1000	58.4	58.4	 440	unbonded
  68	4100	1.4	1.4	19038	low gain
  69	4100	0.9	0.9	27250	low gain
  70	4100	1.3	1.3	19477	low gain
  71	4100	0.9	0.9	24979	low gain
  72	4100	1.2	1.2	17874	low gain
  73	4104	1.1	1.1	21026	low gain
  74	4100	1.2	1.2	19535	low gain
  75	1000	59.6	59.6	 471	unbonded
  76	4100	1.4	1.4	15172	low gain
  77	4100	1.1	1.1	21655	low gain
  78	4100	1.1	1.1	21739	low gain
  79	4100	1.2	1.2	21515	low gain
  80	4100	1.2	1.2	18776	low gain
  81	4100	1.3	1.3	19604	low gain
  82	4100	1.3	1.3	17703	low gain
  83	1000	58.6	58.6	 487	unbonded
  84	4100	1.5	1.5	16457	low gain
  85	4100	1.0	1.0	23201	low gain
  86	4100	1.2	1.2	19923	low gain
  87	4100	1.4	1.4	16085	low gain
  88	4100	0.9	0.9	28103	low gain
  89	4100	1.4	1.4	16489	low gain
  90	4100	0.9	0.9	25275	low gain
  91	1000	59.2	59.2	 462	unbonded
  92	4100	1.6	1.6	14906	low gain
  93	4100	0.8	0.8	31008	low gain
  94	4100	1.2	1.2	19120	low gain
  95	4100	0.9	0.9	28658	low gain
  96	4100	1.4	1.4	16673	low gain
  97	4100	1.3	1.3	17829	low gain
  98	4100	0.9	0.9	24646	low gain
  99	1000	58.0	58.0	 513	unbonded
 100	4100	1.2	1.2	19614	low gain
 101	4100	1.1	1.1	21315	low gain
 102	4100	1.4	1.4	16504	low gain
 103	4100	1.1	1.1	22950	low gain
 104	4100	1.7	1.7	13315	low gain
 105	4100	1.2	1.2	19989	low gain
 106	4100	1.2	1.2	20624	low gain
 107	1000	57.6	57.6	 486	unbonded
 108	4100	1.0	1.0	23580	low gain
 109	4100	1.4	1.4	17184	low gain
 110	4100	1.3	1.3	18405	low gain
 111	4100	0.9	0.9	25823	low gain
 112	4100	1.2	1.2	19385	low gain
 113	4100	1.5	1.5	16301	low gain
 114	4100	1.5	1.5	17517	low gain
 115	1000	56.3	56.3	 458	unbonded
 116	4100	1.7	1.7	13841	low gain
 117	4100	1.1	1.1	21648	low gain
 118	4100	0.6	0.6	40448	low gain
 119	4100	1.2	1.2	18020	low gain
 120	4100	1.2	1.2	20004	low gain
 121	4100	1.0	1.0	24899	low gain
 122	4100	1.2	1.2	19270	low gain
 123	4000	57.7	57.7	 840	high noise
 124	4100	1.7	1.7	14393	low gain
 125	4100	1.3	1.3	18858	low gain
 126	4100	1.4	1.4	16328	low gain
 127	4100	1.3	1.3	19169	low gain
 128	1000	0.0	0.0	   0	unbonded
 129	4000	1.4	1.4	16303	high noise
 130	4000	1.3	1.3	16967	high noise
 131	4000	1.3	1.3	17273	high noise
 132	4000	1.1	1.1	22499	high noise
 133	4000	1.3	1.3	16926	high noise
 134	4000	1.6	1.6	13966	high noise
 135	4000	1.2	1.2	19962	high noise
 136	4000	1.1	1.1	22965	high noise
 137	4000	1.1	1.1	21302	high noise
 138	4000	1.3	1.3	17297	high noise
 139	4000	1.2	1.2	18575	high noise
 140	4000	1.5	1.5	15588	high noise
 141	4000	1.0	1.0	23415	high noise
 142	4000	1.7	1.7	12384	high noise
 143	4000	1.4	1.4	16739	high noise
 144	4000	1.3	1.3	16616	high noise
 145	4000	1.3	1.3	18817	high noise
 146	4000	1.3	1.3	17495	high noise
 147	4000	1.0	1.0	23514	high noise
 148	4000	1.5	1.5	15939	high noise
 149	4000	1.3	1.3	17840	high noise
 150	4000	1.3	1.3	17517	high noise
 151	4000	1.4	1.4	17174	high noise
 152	4000	1.2	1.2	19540	high noise
 153	4000	1.2	1.2	20874	high noise
 154	4000	1.4	1.4	16770	high noise
 155	4000	1.3	1.3	17136	high noise
 156	4000	1.3	1.3	17072	high noise
 157	4000	1.2	1.2	17564	high noise
 158	4000	1.0	1.0	23908	high noise
 159	4000	1.9	1.9	13154	high noise
 160	4000	0.8	0.8	29488	high noise
 161	4000	1.1	1.1	22171	high noise
 162	4000	1.4	1.4	17126	high noise
 163	4000	0.7	0.7	28978	high noise
 164	4000	1.3	1.3	18767	high noise
 165	4000	0.8	0.8	27994	high noise
 166	4000	1.3	1.3	16262	high noise
 167	4000	1.4	1.4	17617	high noise
 168	4000	1.3	1.3	17956	high noise
 169	4000	1.2	1.2	18240	high noise
 170	4000	1.1	1.1	20927	high noise
 171	4000	1.0	1.0	23541	high noise
 172	4000	1.2	1.2	20319	high noise
 173	4000	1.3	1.3	18396	high noise
 174	4000	0.9	0.9	24054	high noise
 175	4000	1.1	1.1	21614	high noise
 176	4000	1.5	1.5	16021	high noise
 177	4000	1.0	1.0	23406	high noise
 178	4000	1.4	1.4	16101	high noise
 179	4000	1.3	1.3	16399	high noise
 180	4000	1.0	1.0	21684	high noise
 181	4000	0.8	0.8	29050	high noise
 182	4000	1.3	1.3	19464	high noise
 183	4000	1.5	1.5	15050	high noise
 184	4000	1.5	1.5	15092	high noise
 185	4000	1.3	1.3	16342	high noise
 186	4000	1.3	1.3	17905	high noise
 187	4000	1.0	1.0	21828	high noise
 188	4000	1.1	1.1	20139	high noise
 189	4000	1.3	1.3	18601	high noise
 190	4000	0.8	0.8	30953	high noise
 191	4000	1.4	1.4	17287	high noise
 192	4000	1.4	1.4	16523	high noise
 193	4000	1.5	1.5	14856	high noise
 194	4000	1.0	1.0	24961	high noise
 195	4000	1.1	1.1	21319	high noise
 196	4000	1.5	1.5	15005	high noise
 197	4000	1.5	1.5	13913	high noise
 198	4000	1.3	1.3	17072	high noise
 199	4000	1.0	1.0	23299	high noise
 200	4000	1.1	1.1	22083	high noise
 201	4000	1.0	1.0	23080	high noise
 202	4000	1.5	1.5	15999	high noise
 203	4000	1.4	1.4	17071	high noise
 204	4000	1.6	1.6	15039	high noise
 205	4000	0.9	0.9	24264	high noise
 206	4000	1.4	1.4	16716	high noise
 207	4000	1.0	1.0	23034	high noise
 208	4000	0.8	0.8	25158	high noise
 209	4000	1.3	1.3	16707	high noise
 210	4000	1.1	1.1	22125	high noise
 211	4000	0.7	0.7	37923	high noise
 212	4000	1.0	1.0	22210	high noise
 213	4000	1.0	1.0	24994	high noise
 214	4000	1.3	1.3	15955	high noise
 215	4000	1.2	1.2	20416	high noise
 216	4000	0.9	0.9	24753	high noise
 217	4000	1.3	1.3	18011	high noise
 218	4000	1.0	1.0	24827	high noise
 219	4000	1.5	1.5	15766	high noise
 220	4000	1.3	1.3	18580	high noise
 221	4000	1.0	1.0	22472	high noise
 222	4000	0.8	0.8	28011	high noise
 223	4000	1.2	1.2	20374	high noise
 224	4000	1.1	1.1	24187	high noise
 225	4000	0.6	0.6	37964	high noise
 226	4000	1.6	1.6	13684	high noise
 227	4000	1.0	1.0	22366	high noise
 228	4000	1.1	1.1	20501	high noise
 229	4000	1.3	1.3	16603	high noise
 230	4000	0.9	0.9	25648	high noise
 231	4000	1.1	1.1	19668	high noise
 232	4000	1.2	1.2	17667	high noise
 233	4000	1.5	1.5	15843	high noise
 234	4000	0.9	0.9	24807	high noise
 235	4000	1.0	1.0	25558	high noise
 236	4000	1.0	1.0	22882	high noise
 237	4000	1.0	1.0	22836	high noise
 238	4000	0.8	0.8	26582	high noise
 239	4000	1.2	1.2	18117	high noise
 240	4000	1.6	1.6	14137	high noise
 241	4000	1.0	1.0	23344	high noise
 242	4000	1.2	1.2	20639	high noise
 243	4000	1.1	1.1	23306	high noise
 244	4000	0.7	0.7	33073	high noise
 245	4000	1.3	1.3	18462	high noise
 246	4000	1.1	1.1	21371	high noise
 247	4000	1.9	1.9	11619	high noise
 248	4000	1.4	1.4	15390	high noise
 249	4000	1.6	1.6	14612	high noise
 250	4000	1.6	1.6	13556	high noise
 251	4000	1.2	1.2	19661	high noise
 252	4000	1.5	1.5	16689	high noise
 253	4000	1.1	1.1	21631	high noise
 254	4000	1.4	1.4	18405	high noise
 255	4000	1.2	1.2	18828	high noise
